idx	label	predict	radius	correct	time
888	0	8	0.55	0	0:00:00.590392
889	4	-1	0.0	0	0:00:00.146240
890	4	4	0.171	1	0:00:00.142018
891	6	6	0.366	1	0:00:00.141602
892	7	7	1.71	1	0:00:00.141434
893	6	3	0.443	0	0:00:00.141467
894	1	1	1.04	1	0:00:00.142205
895	1	1	0.105	1	0:00:00.141841
896	3	3	0.664	1	0:00:00.143888
897	7	7	0.3	1	0:00:00.142608
898	3	3	0.045	1	0:00:00.142156
899	5	5	1.49	1	0:00:00.142303
900	2	6	0.294	0	0:00:00.141577
901	6	6	1.25	1	0:00:00.142328
902	6	6	0.499	1	0:00:00.142572
903	5	5	0.136	1	0:00:00.142582
904	8	8	0.255	1	0:00:00.141850
905	7	7	0.368	1	0:00:00.141917
906	1	8	0.506	0	0:00:00.143013
907	6	6	0.0225	1	0:00:00.142679
908	8	8	1.11	1	0:00:00.142365
909	8	8	0.801	1	0:00:00.142144
910	5	6	0.247	0	0:00:00.143744
911	3	3	0.919	1	0:00:00.143586
912	0	2	1.0	0	0:00:00.143584
913	4	4	0.289	1	0:00:00.143334
914	0	-1	0.0	0	0:00:00.142391
915	1	1	1.2	1	0:00:00.142156
916	3	-1	0.0	0	0:00:00.142493
917	8	8	1.03	1	0:00:00.143386
918	8	8	0.628	1	0:00:00.142940
919	0	-1	0.0	0	0:00:00.143034
920	6	6	0.601	1	0:00:00.144528
921	9	9	1.23	1	0:00:00.142828
922	9	9	0.205	1	0:00:00.141820
923	9	6	0.268	0	0:00:00.142491
924	5	5	0.203	1	0:00:00.142034
925	5	3	1.16	0	0:00:00.142927
926	8	8	0.311	1	0:00:00.143447
927	6	6	0.479	1	0:00:00.143102
928	0	0	0.568	1	0:00:00.143619
929	0	8	0.508	0	0:00:00.142864
930	4	4	0.183	1	0:00:00.143388
931	2	2	0.514	1	0:00:00.143299
932	3	-1	0.0	0	0:00:00.143515
933	2	3	0.00289	0	0:00:00.142510
934	7	7	1.91	1	0:00:00.143294
935	2	2	1.39	1	0:00:00.142878
936	2	-1	0.0	0	0:00:00.144173
937	5	3	0.262	0	0:00:00.142826
938	9	-1	0.0	0	0:00:00.143120
939	8	8	1.8	1	0:00:00.143569
940	9	9	1.68	1	0:00:00.142675
941	1	9	0.345	0	0:00:00.142924
942	7	7	1.03	1	0:00:00.145246
943	4	6	0.224	0	0:00:00.143244
944	0	0	0.837	1	0:00:00.143627
945	3	5	0.222	0	0:00:00.143624
946	0	0	0.129	1	0:00:00.143345
947	1	1	0.191	1	0:00:00.141938
948	3	-1	0.0	0	0:00:00.143617
949	8	8	0.398	1	0:00:00.144223
950	3	4	0.0445	0	0:00:00.142877
951	9	9	1.24	1	0:00:00.142906
952	6	-1	0.0	0	0:00:00.144721
953	1	9	0.363	0	0:00:00.142421
954	4	4	0.0923	1	0:00:00.141807
955	7	7	1.36	1	0:00:00.143515
956	0	0	0.0255	1	0:00:00.143817
957	3	3	0.4	1	0:00:00.142685
958	7	7	0.0592	1	0:00:00.142863
959	8	8	0.623	1	0:00:00.144826
960	9	-1	0.0	0	0:00:00.142673
961	1	3	0.288	0	0:00:00.141725
962	1	-1	0.0	0	0:00:00.143954
963	6	6	0.354	1	0:00:00.143885
964	6	6	0.126	1	0:00:00.142590
965	6	6	0.264	1	0:00:00.142646
966	6	-1	0.0	0	0:00:00.142851
967	9	9	1.13	1	0:00:00.143632
968	1	1	0.81	1	0:00:00.142969
969	9	9	1.08	1	0:00:00.144324
970	9	9	1.15	1	0:00:00.143556
971	4	4	0.371	1	0:00:00.142648
972	2	5	0.0624	0	0:00:00.143948
973	1	1	0.938	1	0:00:00.142587
974	7	2	1.1	0	0:00:00.142037
975	0	0	1.11	1	0:00:00.142691
976	6	6	0.293	1	0:00:00.144479
977	8	8	1.11	1	0:00:00.143265
978	1	1	1.08	1	0:00:00.143057
979	9	-1	0.0	0	0:00:00.143786
980	2	-1	0.0	0	0:00:00.143261
981	9	8	0.581	0	0:00:00.143176
982	0	2	0.0267	0	0:00:00.142832
983	4	-1	0.0	0	0:00:00.144169
984	7	-1	0.0	0	0:00:00.142909
985	8	8	1.91	1	0:00:00.142827
986	3	-1	0.0	0	0:00:00.142838
987	1	1	0.407	1	0:00:00.144080
988	2	2	0.175	1	0:00:00.142430
989	0	-1	0.0	0	0:00:00.143421
990	1	1	0.636	1	0:00:00.144166
991	5	3	0.122	0	0:00:00.144208
992	8	8	0.446	1	0:00:00.143244
993	4	-1	0.0	0	0:00:00.142572
994	6	6	0.115	1	0:00:00.143942
995	3	-1	0.0	0	0:00:00.143347
996	8	8	0.304	1	0:00:00.143771
997	1	1	0.0695	1	0:00:00.143779
998	3	3	0.673	1	0:00:00.144297
999	8	8	0.752	1	0:00:00.143420
1000	5	5	1.63	1	0:00:00.142782
1001	0	-1	0.0	0	0:00:00.144837
1002	8	9	0.204	0	0:00:00.143962
1003	4	4	0.746	1	0:00:00.143352
1004	8	8	1.91	1	0:00:00.143227
1005	1	1	0.395	1	0:00:00.143190
1006	1	1	0.183	1	0:00:00.144178
1007	8	8	0.959	1	0:00:00.143220
1008	9	1	0.191	0	0:00:00.145190
1009	6	-1	0.0	0	0:00:00.143802
1010	0	0	1.52	1	0:00:00.143039
1011	8	8	0.994	1	0:00:00.144239
1012	6	0	0.512	0	0:00:00.144284
1013	1	1	1.75	1	0:00:00.143301
1014	3	4	0.0527	0	0:00:00.143621
1015	4	4	0.358	1	0:00:00.144561
1016	1	1	0.116	1	0:00:00.143939
1017	6	6	0.544	1	0:00:00.142955
1018	0	0	1.13	1	0:00:00.144171
1019	5	-1	0.0	0	0:00:00.144358
1020	1	1	0.443	1	0:00:00.142848
1021	1	0	0.306	0	0:00:00.143205
1022	0	0	1.27	1	0:00:00.144989
1023	0	0	0.676	1	0:00:00.143426
1024	3	5	0.114	0	0:00:00.143851
1025	5	5	1.02	1	0:00:00.143794
1026	0	-1	0.0	0	0:00:00.142525
1027	0	0	0.0918	1	0:00:00.143277
1028	6	-1	0.0	0	0:00:00.143950
1029	6	6	0.951	1	0:00:00.145230
1030	3	-1	0.0	0	0:00:00.144053
1031	3	5	0.663	0	0:00:00.143922
1032	6	-1	0.0	0	0:00:00.143495
1033	3	3	0.593	1	0:00:00.144367
1034	6	5	0.394	0	0:00:00.143327
1035	6	-1	0.0	0	0:00:00.144292
1036	0	-1	0.0	0	0:00:00.144085
1037	7	7	0.721	1	0:00:00.144179
1038	2	2	1.6	1	0:00:00.144307
1039	2	-1	0.0	0	0:00:00.143599
1040	7	5	0.396	0	0:00:00.144559
1041	5	5	0.421	1	0:00:00.143058
1042	5	2	0.161	0	0:00:00.144517
1043	2	-1	0.0	0	0:00:00.143954
1044	8	8	1.66	1	0:00:00.145002
1045	5	4	0.145	0	0:00:00.143902
1046	2	2	0.335	1	0:00:00.143833
1047	1	8	0.332	0	0:00:00.143288
1048	1	1	1.04	1	0:00:00.144540
1049	4	7	0.595	0	0:00:00.143113
1050	3	0	0.435	0	0:00:00.144590
1051	2	-1	0.0	0	0:00:00.143985
1052	0	0	0.713	1	0:00:00.144247
1053	3	5	0.157	0	0:00:00.144371
1054	1	1	0.507	1	0:00:00.144218
1055	5	5	0.582	1	0:00:00.144562
1056	3	3	0.486	1	0:00:00.144188
1057	7	5	0.359	0	0:00:00.144186
1058	6	3	0.482	0	0:00:00.143935
1059	8	-1	0.0	0	0:00:00.144366
1060	9	9	0.918	1	0:00:00.144757
1061	1	1	0.282	1	0:00:00.144209
1062	6	6	0.766	1	0:00:00.143055
1063	4	-1	0.0	0	0:00:00.145344
1064	9	9	0.171	1	0:00:00.143265
1065	3	9	0.413	0	0:00:00.143959
1066	9	1	1.17	0	0:00:00.144188
1067	0	0	1.8	1	0:00:00.144163
1068	9	9	1.05	1	0:00:00.145193
1069	6	6	0.529	1	0:00:00.143460
1070	3	5	0.205	0	0:00:00.145231
1071	6	6	0.977	1	0:00:00.144227
1072	0	8	0.471	0	0:00:00.143154
1073	7	7	1.91	1	0:00:00.144310
1074	3	3	0.977	1	0:00:00.144468
1075	8	8	0.993	1	0:00:00.144487
1076	0	0	0.71	1	0:00:00.144552
1077	0	0	1.68	1	0:00:00.145382
1078	0	0	1.75	1	0:00:00.144704
1079	6	6	0.319	1	0:00:00.143442
1080	6	-1	0.0	0	0:00:00.143908
1081	6	6	0.226	1	0:00:00.144307
1082	9	9	0.446	1	0:00:00.144598
1083	2	-1	0.0	0	0:00:00.144467
1084	5	3	0.044	0	0:00:00.144585
1085	4	4	0.645	1	0:00:00.145955
1086	4	4	0.0587	1	0:00:00.143600
1087	6	6	0.116	1	0:00:00.144778
1088	3	3	0.319	1	0:00:00.143539
1089	6	6	0.175	1	0:00:00.143906
1090	0	0	0.63	1	0:00:00.143445
1091	8	8	1.66	1	0:00:00.144629
1092	6	6	0.933	1	0:00:00.145460
1093	0	-1	0.0	0	0:00:00.144034
1094	6	3	0.826	0	0:00:00.144788
1095	2	2	0.288	1	0:00:00.143933
1096	7	7	1.01	1	0:00:00.144241
1097	5	-1	0.0	0	0:00:00.143435
1098	1	1	0.5	1	0:00:00.145650
1099	2	2	0.0229	1	0:00:00.144595
1100	7	7	0.33	1	0:00:00.144170
1101	8	8	1.64	1	0:00:00.145022
1102	8	8	0.235	1	0:00:00.144206
1103	0	0	1.16	1	0:00:00.144388
1104	9	9	0.363	1	0:00:00.143503
1105	4	2	0.0526	0	0:00:00.147223
1106	9	9	1.26	1	0:00:00.144616
1107	7	7	0.606	1	0:00:00.143474
1108	2	2	0.108	1	0:00:00.145454
1109	0	8	0.532	0	0:00:00.143948
1110	2	2	1.91	1	0:00:00.144339
1111	8	8	1.43	1	0:00:00.144414
1112	3	5	0.0967	0	0:00:00.147353
1113	8	8	1.11	1	0:00:00.144116
1114	9	9	0.504	1	0:00:00.144134
1115	1	1	0.579	1	0:00:00.144764
1116	5	2	0.238	0	0:00:00.144085
1117	5	-1	0.0	0	0:00:00.144639
1118	4	4	0.0229	1	0:00:00.144673
1119	7	7	1.17	1	0:00:00.147119
1120	5	-1	0.0	0	0:00:00.144307
1121	3	3	0.749	1	0:00:00.144346
1122	8	8	0.011	1	0:00:00.144010
1123	3	-1	0.0	0	0:00:00.144008
1124	3	2	0.265	0	0:00:00.144782
1125	6	6	0.509	1	0:00:00.145026
1126	2	0	1.16	0	0:00:00.147291
1127	8	8	1.06	1	0:00:00.144344
1128	4	4	0.0365	1	0:00:00.144341
1129	3	0	0.307	0	0:00:00.144819
1130	7	-1	0.0	0	0:00:00.143864
1131	1	9	0.222	0	0:00:00.144739
1132	2	6	0.223	0	0:00:00.145096
1133	4	-1	0.0	0	0:00:00.146860
1134	1	9	0.0464	0	0:00:00.144589
1135	6	3	0.175	0	0:00:00.144272
1136	9	9	0.523	1	0:00:00.144227
1137	0	-1	0.0	0	0:00:00.144638
1138	5	6	0.141	0	0:00:00.144522
1139	8	8	1.05	1	0:00:00.146000
1140	6	6	0.402	1	0:00:00.146874
1141	1	1	0.295	1	0:00:00.144243
1142	8	8	0.666	1	0:00:00.145772
1143	6	6	1.68	1	0:00:00.144193
1144	1	0	0.00302	0	0:00:00.145484
1145	4	-1	0.0	0	0:00:00.144413
1146	2	4	0.435	0	0:00:00.144692
1147	6	-1	0.0	0	0:00:00.145458
1148	2	2	0.242	1	0:00:00.145353
1149	7	-1	0.0	0	0:00:00.145169
1150	2	7	0.292	0	0:00:00.144827
1151	2	2	0.256	1	0:00:00.145008
1152	0	8	0.101	0	0:00:00.144954
1153	8	8	0.42	1	0:00:00.144941
1154	6	6	0.0918	1	0:00:00.144372
1155	9	9	0.205	1	0:00:00.144944
1156	1	1	0.107	1	0:00:00.146014
1157	7	7	0.608	1	0:00:00.144857
1158	1	1	0.703	1	0:00:00.144236
1159	8	-1	0.0	0	0:00:00.144327
1160	8	0	0.0618	0	0:00:00.144733
1161	0	-1	0.0	0	0:00:00.144786
1162	7	7	0.88	1	0:00:00.145666
1163	3	-1	0.0	0	0:00:00.145748
1164	8	8	0.736	1	0:00:00.144427
1165	0	0	1.41	1	0:00:00.144280
1166	3	-1	0.0	0	0:00:00.144068
1167	4	2	1.49	0	0:00:00.144871
1168	3	7	0.25	0	0:00:00.145090
1169	7	7	0.773	1	0:00:00.145424
1170	7	0	0.104	0	0:00:00.145959
1171	9	9	1.64	1	0:00:00.145488
1172	2	2	0.156	1	0:00:00.144848
1173	3	3	1.38	1	0:00:00.144454
1174	1	1	1.15	1	0:00:00.144347
1175	9	9	1.1	1	0:00:00.145110
1176	1	1	0.652	1	0:00:00.145343
1177	9	1	0.325	0	0:00:00.145595
1178	6	-1	0.0	0	0:00:00.144468
1179	3	5	0.147	0	0:00:00.145631
1180	3	3	0.936	1	0:00:00.144987
1181	3	6	0.375	0	0:00:00.144217
1182	1	8	0.0152	0	0:00:00.144509
1183	0	0	0.805	1	0:00:00.145231
1184	6	6	1.05	1	0:00:00.145281
1185	1	-1	0.0	0	0:00:00.145171
1186	4	4	0.482	1	0:00:00.145548
1187	1	-1	0.0	0	0:00:00.144926
1188	0	0	0.877	1	0:00:00.144294
1189	0	0	0.716	1	0:00:00.145327
1190	1	1	1.44	1	0:00:00.144780
1191	1	1	0.482	1	0:00:00.145650
1192	6	6	0.367	1	0:00:00.145788
1193	5	5	0.703	1	0:00:00.145407
1194	4	4	0.197	1	0:00:00.144651
1195	6	6	1.27	1	0:00:00.144547
1196	2	2	0.628	1	0:00:00.145316
1197	0	0	0.771	1	0:00:00.145509
1198	7	7	1.49	1	0:00:00.145744
1199	9	9	0.207	1	0:00:00.144974
1200	8	8	0.223	1	0:00:00.145807
1201	7	7	1.71	1	0:00:00.144802
1202	2	1	0.184	0	0:00:00.144876
1203	0	0	0.167	1	0:00:00.144940
1204	6	6	0.908	1	0:00:00.144601
1205	8	8	0.839	1	0:00:00.145574
1206	1	1	1.8	1	0:00:00.145042
1207	4	8	0.233	0	0:00:00.145537
1208	3	-1	0.0	0	0:00:00.144498
1209	7	7	0.0149	1	0:00:00.144660
1210	0	0	0.634	1	0:00:00.145527
1211	6	-1	0.0	0	0:00:00.144750
1212	1	1	0.381	1	0:00:00.145837
1213	8	8	1.8	1	0:00:00.145896
1214	5	5	1.18	1	0:00:00.144998
1215	7	7	1.32	1	0:00:00.144044
1216	8	8	1.01	1	0:00:00.144758
1217	4	4	0.547	1	0:00:00.146067
1218	8	8	0.126	1	0:00:00.145358
1219	3	5	0.703	0	0:00:00.144825
1220	9	-1	0.0	0	0:00:00.146215
1221	9	5	0.105	0	0:00:00.144580
1222	9	1	0.442	0	0:00:00.144848
1223	8	0	1.91	0	0:00:00.144931
1224	7	-1	0.0	0	0:00:00.145249
1225	6	6	1.12	1	0:00:00.144770
1226	6	6	0.466	1	0:00:00.146865
1227	3	3	0.11	1	0:00:00.146143
1228	5	-1	0.0	0	0:00:00.144527
1229	1	1	1.06	1	0:00:00.145079
1230	5	3	0.0755	0	0:00:00.145004
1231	9	1	0.469	0	0:00:00.145131
1232	1	1	0.659	1	0:00:00.146270
1233	4	4	0.768	1	0:00:00.147066
1234	1	1	0.851	1	0:00:00.146188
1235	5	5	0.16	1	0:00:00.144878
1236	7	-1	0.0	0	0:00:00.145769
1237	0	0	0.877	1	0:00:00.145118
1238	1	1	1.56	1	0:00:00.144674
1239	5	5	0.248	1	0:00:00.145004
1240	2	6	0.867	0	0:00:00.147239
1241	0	-1	0.0	0	0:00:00.145097
1242	8	8	0.14	1	0:00:00.145530
1243	8	8	1.29	1	0:00:00.145241
1244	5	3	0.437	0	0:00:00.145314
1245	6	3	0.359	0	0:00:00.144620
1246	7	7	0.322	1	0:00:00.145078
1247	3	3	0.0102	1	0:00:00.147274
1248	2	4	0.496	0	0:00:00.145572
1249	4	-1	0.0	0	0:00:00.144752
1250	7	7	1.26	1	0:00:00.145425
1251	2	5	0.579	0	0:00:00.144750
1252	5	5	1.24	1	0:00:00.144406
1253	8	-1	0.0	0	0:00:00.146281
1254	2	2	0.689	1	0:00:00.147827
1255	4	4	0.277	1	0:00:00.144674
1256	9	8	0.336	0	0:00:00.145320
1257	2	-1	0.0	0	0:00:00.145324
1258	1	1	0.197	1	0:00:00.144813
1259	8	8	1.47	1	0:00:00.145804
1260	1	1	0.351	1	0:00:00.146461
1261	9	8	0.0702	0	0:00:00.146237
1262	8	8	0.546	1	0:00:00.145975
1263	8	-1	0.0	0	0:00:00.145764
1264	8	8	0.92	1	0:00:00.145494
1265	9	-1	0.0	0	0:00:00.145706
1266	0	8	0.536	0	0:00:00.145391
1267	4	4	0.572	1	0:00:00.145804
1268	3	3	0.0753	1	0:00:00.145920
1269	3	5	0.056	0	0:00:00.145816
1270	1	9	0.347	0	0:00:00.145773
1271	8	8	1.91	1	0:00:00.145955
1272	4	7	0.781	0	0:00:00.144605
1273	6	-1	0.0	0	0:00:00.145697
1274	3	-1	0.0	0	0:00:00.145537
1275	3	6	0.286	0	0:00:00.145098
1276	5	5	0.0806	1	0:00:00.147661
1277	2	-1	0.0	0	0:00:00.145147
1278	2	-1	0.0	0	0:00:00.144637
1279	8	8	0.119	1	0:00:00.145267
1280	3	7	0.764	0	0:00:00.146639
1281	8	8	1.8	1	0:00:00.145415
1282	9	9	0.743	1	0:00:00.145370
1283	5	-1	0.0	0	0:00:00.145359
1284	8	5	0.209	0	0:00:00.145664
1285	9	-1	0.0	0	0:00:00.145501
1286	8	8	0.594	1	0:00:00.146099
1287	9	-1	0.0	0	0:00:00.145844
1288	1	1	1.3	1	0:00:00.144828
1289	6	6	0.451	1	0:00:00.145825
1290	5	5	0.49	1	0:00:00.145406
1291	9	-1	0.0	0	0:00:00.144872
1292	4	4	0.51	1	0:00:00.147110
1293	4	4	0.165	1	0:00:00.145784
1294	8	0	0.366	0	0:00:00.145967
1295	0	0	0.959	1	0:00:00.145250
1296	7	4	0.0165	0	0:00:00.145392
1297	2	2	0.233	1	0:00:00.145661
1298	9	9	1.04	1	0:00:00.145055
1299	7	0	0.212	0	0:00:00.146140
1300	4	3	0.488	0	0:00:00.145713
1301	1	1	1.24	1	0:00:00.146099
1302	6	2	0.26	0	0:00:00.145140
1303	4	2	0.223	0	0:00:00.145970
1304	4	1	0.245	0	0:00:00.145521
1305	9	9	0.117	1	0:00:00.145217
1306	1	-1	0.0	0	0:00:00.147251
1307	2	0	0.754	0	0:00:00.144934
1308	5	4	0.0319	0	0:00:00.144943
1309	6	6	0.427	1	0:00:00.145729
1310	0	0	1.91	1	0:00:00.146015
1311	8	8	1.08	1	0:00:00.146043
1312	6	6	1.08	1	0:00:00.146597
1313	1	1	1.09	1	0:00:00.146612
1314	9	9	1.61	1	0:00:00.144801
1315	4	2	0.346	0	0:00:00.144675
1316	5	5	1.21	1	0:00:00.146007
1317	9	9	1.91	1	0:00:00.145787
1318	5	5	0.0385	1	0:00:00.145128
1319	0	0	0.794	1	0:00:00.146324
1320	7	4	0.361	0	0:00:00.146830
1321	2	7	0.0311	0	0:00:00.145479
1322	0	0	0.0834	1	0:00:00.145405
1323	0	8	0.297	0	0:00:00.145603
1324	4	-1	0.0	0	0:00:00.145376
1325	2	4	0.0937	0	0:00:00.145620
1326	6	6	0.287	1	0:00:00.146244
1327	6	6	1.63	1	0:00:00.146204
1328	5	5	0.725	1	0:00:00.145911
1329	5	-1	0.0	0	0:00:00.145835
1330	2	3	0.451	0	0:00:00.144706
1331	8	8	1.91	1	0:00:00.145871
1332	1	1	0.17	1	0:00:00.145987
1333	7	-1	0.0	0	0:00:00.146548
1334	3	-1	0.0	0	0:00:00.146566
1335	1	1	0.879	1	0:00:00.146021
1336	4	-1	0.0	0	0:00:00.145500
1337	5	-1	0.0	0	0:00:00.144794
1338	6	6	0.879	1	0:00:00.144863
1339	5	3	0.214	0	0:00:00.146276
1340	1	1	1.44	1	0:00:00.146417
1341	4	7	0.4	0	0:00:00.146320
1342	7	5	0.153	0	0:00:00.145530
1343	0	0	0.956	1	0:00:00.145538
1344	9	9	0.319	1	0:00:00.144396
1345	4	4	0.16	1	0:00:00.145966
1346	3	-1	0.0	0	0:00:00.145865
1347	8	8	1.8	1	0:00:00.146944
1348	2	-1	0.0	0	0:00:00.146099
1349	8	8	1.91	1	0:00:00.145589
1350	4	-1	0.0	0	0:00:00.145542
1351	7	7	0.575	1	0:00:00.145521
1352	2	1	0.119	0	0:00:00.145824
1353	3	-1	0.0	0	0:00:00.146109
1354	1	1	1.38	1	0:00:00.147662
1355	5	9	0.329	0	0:00:00.145562
1356	2	-1	0.0	0	0:00:00.144731
1357	9	9	0.57	1	0:00:00.145520
1358	8	8	0.855	1	0:00:00.145436
1359	9	9	1.09	1	0:00:00.145523
1360	7	7	0.76	1	0:00:00.146749
1361	9	9	0.902	1	0:00:00.146724
1362	5	5	0.247	1	0:00:00.146444
1363	1	1	1.42	1	0:00:00.145705
1364	4	4	0.924	1	0:00:00.145794
1365	0	0	1.75	1	0:00:00.144675
1366	8	8	1.68	1	0:00:00.145796
1367	2	2	0.227	1	0:00:00.146668
1368	3	3	0.561	1	0:00:00.146733
1369	8	8	1.22	1	0:00:00.145573
1370	9	9	0.534	1	0:00:00.145191
1371	1	1	0.682	1	0:00:00.145459
1372	1	1	0.0403	1	0:00:00.145338
1373	3	3	0.159	1	0:00:00.147199
1374	2	0	0.357	0	0:00:00.145572
1375	4	4	1.1	1	0:00:00.146253
1376	9	9	0.368	1	0:00:00.145474
1377	3	-1	0.0	0	0:00:00.146564
1378	1	-1	0.0	0	0:00:00.146542
1379	7	7	0.0119	1	0:00:00.146256
1380	4	5	0.113	0	0:00:00.146763
1381	6	6	0.4	1	0:00:00.145522
1382	2	0	0.783	0	0:00:00.145496
1383	8	-1	0.0	0	0:00:00.145419
1384	9	9	0.711	1	0:00:00.145370
1385	5	3	0.415	0	0:00:00.147006
1386	3	3	0.789	1	0:00:00.146458
1387	9	9	1.45	1	0:00:00.145475
1388	5	2	0.153	0	0:00:00.145448
1389	5	-1	0.0	0	0:00:00.145641
1390	6	6	0.575	1	0:00:00.145578
1391	7	4	0.113	0	0:00:00.145448
1392	2	2	1.24	1	0:00:00.147687
1393	4	-1	0.0	0	0:00:00.145890
1394	6	5	0.417	0	0:00:00.145195
1395	3	-1	0.0	0	0:00:00.146185
1396	1	1	0.13	1	0:00:00.145753
1397	0	0	1.2	1	0:00:00.145674
1398	7	8	0.506	0	0:00:00.145957
1399	2	0	1.52	0	0:00:00.147619
1400	5	-1	0.0	0	0:00:00.144934
1401	4	-1	0.0	0	0:00:00.145162
1402	7	7	0.293	1	0:00:00.145675
1403	6	3	0.18	0	0:00:00.145940
1404	1	1	0.572	1	0:00:00.146531
1405	1	-1	0.0	0	0:00:00.146603
1406	9	9	0.959	1	0:00:00.147029
1407	8	8	0.831	1	0:00:00.145759
1408	1	1	1.09	1	0:00:00.145175
1409	0	0	0.572	1	0:00:00.145960
1410	1	1	1.44	1	0:00:00.145377
1411	3	3	0.234	1	0:00:00.146688
1412	1	1	1.28	1	0:00:00.145817
1413	1	9	0.126	0	0:00:00.146924
1414	1	1	0.154	1	0:00:00.145719
1415	7	7	0.852	1	0:00:00.147632
1416	3	3	0.3	1	0:00:00.145860
1417	9	9	1.25	1	0:00:00.145153
1418	6	6	0.328	1	0:00:00.145360
1419	8	8	1.48	1	0:00:00.146169
1420	4	-1	0.0	0	0:00:00.146864
1421	6	6	0.573	1	0:00:00.145658
1422	8	8	0.039	1	0:00:00.146154
1423	4	4	0.856	1	0:00:00.145852
1424	9	9	0.82	1	0:00:00.146014
1425	4	4	0.192	1	0:00:00.145716
1426	7	7	1.0	1	0:00:00.147274
1427	9	9	0.819	1	0:00:00.146592
1428	7	7	0.058	1	0:00:00.145752
1429	6	3	0.0561	0	0:00:00.147550
1430	8	8	0.425	1	0:00:00.144861
1431	4	4	0.62	1	0:00:00.145473
1432	9	9	1.17	1	0:00:00.145317
1433	7	5	0.474	0	0:00:00.147513
1434	0	0	0.0655	1	0:00:00.146416
1435	1	1	1.71	1	0:00:00.145982
1436	6	6	1.75	1	0:00:00.147172
1437	1	1	0.0911	1	0:00:00.144932
1438	5	-1	0.0	0	0:00:00.146099
1439	9	1	0.0262	0	0:00:00.145581
1440	0	8	0.228	0	0:00:00.146322
1441	4	4	0.383	1	0:00:00.147064
1442	3	5	0.105	0	0:00:00.147032
1443	4	4	0.401	1	0:00:00.146582
1444	1	1	1.36	1	0:00:00.145871
1445	3	3	0.198	1	0:00:00.145639
1446	0	0	0.891	1	0:00:00.145673
1447	8	8	1.11	1	0:00:00.145580
1448	4	2	0.507	0	0:00:00.146900
1449	6	6	1.22	1	0:00:00.146897
1450	2	2	0.137	1	0:00:00.147027
1451	2	-1	0.0	0	0:00:00.145489
1452	6	3	1.26	0	0:00:00.145924
1453	5	-1	0.0	0	0:00:00.145400
1454	3	3	0.709	1	0:00:00.145110
1455	6	6	1.18	1	0:00:00.146692
1456	2	-1	0.0	0	0:00:00.147942
1457	1	1	1.45	1	0:00:00.145960
1458	1	1	0.316	1	0:00:00.145234
1459	8	8	0.567	1	0:00:00.146225
1460	6	6	1.08	1	0:00:00.147327
1461	0	0	0.855	1	0:00:00.144710
1462	4	-1	0.0	0	0:00:00.145929
1463	0	-1	0.0	0	0:00:00.147722
1464	1	1	0.31	1	0:00:00.145583
1465	9	0	0.0539	0	0:00:00.145354
1466	7	7	1.8	1	0:00:00.147700
1467	1	1	0.918	1	0:00:00.147195
1468	3	3	0.152	1	0:00:00.145215
1469	7	7	0.358	1	0:00:00.145743
1470	7	-1	0.0	0	0:00:00.146623
1471	8	8	0.378	1	0:00:00.145773
1472	7	7	0.744	1	0:00:00.145267
1473	7	7	1.91	1	0:00:00.147392
1474	3	7	0.081	0	0:00:00.146781
1475	9	9	0.873	1	0:00:00.145602
1476	7	7	1.14	1	0:00:00.145444
1477	7	-1	0.0	0	0:00:00.146416
1478	7	7	0.597	1	0:00:00.145667
1479	2	2	0.0696	1	0:00:00.145818
1480	1	1	0.287	1	0:00:00.147746
1481	2	2	1.15	1	0:00:00.146850
1482	8	8	0.729	1	0:00:00.145784
1483	6	6	0.58	1	0:00:00.145948
1484	4	-1	0.0	0	0:00:00.145627
1485	0	8	0.276	0	0:00:00.145352
1486	7	7	1.23	1	0:00:00.146966
1487	9	9	0.291	1	0:00:00.147464
1488	8	8	0.507	1	0:00:00.146076
1489	6	5	0.201	0	0:00:00.145946
1490	8	8	0.855	1	0:00:00.145371
1491	4	-1	0.0	0	0:00:00.146301
1492	9	-1	0.0	0	0:00:00.146481
1493	1	3	0.242	0	0:00:00.147461
1494	7	7	0.251	1	0:00:00.146830
1495	2	2	1.18	1	0:00:00.145587
1496	2	2	0.417	1	0:00:00.145671
1497	8	8	1.48	1	0:00:00.146429
1498	5	3	1.8	0	0:00:00.145542
1499	8	8	0.35	1	0:00:00.146010
1500	1	1	0.54	1	0:00:00.148851
1501	2	-1	0.0	0	0:00:00.145132
1502	2	2	0.0898	1	0:00:00.145995
1503	4	3	0.285	0	0:00:00.146295
1504	1	-1	0.0	0	0:00:00.146268
1505	2	-1	0.0	0	0:00:00.145569
1506	5	7	0.461	0	0:00:00.147680
1507	2	9	0.351	0	0:00:00.148558
1508	8	8	0.957	1	0:00:00.144829
1509	1	1	0.152	1	0:00:00.145940
1510	8	6	0.552	0	0:00:00.145541
1511	1	1	1.8	1	0:00:00.145474
1512	8	8	0.603	1	0:00:00.146107
1513	6	-1	0.0	0	0:00:00.147299
1514	0	0	0.0815	1	0:00:00.148550
1515	2	2	0.225	1	0:00:00.146086
1516	4	-1	0.0	0	0:00:00.146282
1517	1	1	1.0	1	0:00:00.145640
1518	3	-1	0.0	0	0:00:00.145475
1519	6	6	1.2	1	0:00:00.146428
1520	7	7	1.25	1	0:00:00.147852
1521	7	7	0.487	1	0:00:00.147389
1522	4	4	0.48	1	0:00:00.145108
1523	4	4	0.867	1	0:00:00.145473
1524	3	3	0.0619	1	0:00:00.145366
1525	3	5	0.129	0	0:00:00.146561
1526	4	5	0.266	0	0:00:00.147115
1527	5	-1	0.0	0	0:00:00.147311
1528	2	2	0.922	1	0:00:00.146300
1529	4	3	0.0735	0	0:00:00.146491
1530	3	-1	0.0	0	0:00:00.145858
1531	7	7	0.396	1	0:00:00.146012
1532	8	-1	0.0	0	0:00:00.145545
1533	4	-1	0.0	0	0:00:00.147020
1534	4	4	0.264	1	0:00:00.146259
1535	4	2	0.345	0	0:00:00.146616
1536	5	3	0.589	0	0:00:00.146949
1537	4	4	0.0969	1	0:00:00.145467
1538	3	-1	0.0	0	0:00:00.145980
1539	2	-1	0.0	0	0:00:00.146142
1540	8	8	1.38	1	0:00:00.147077
1541	4	4	0.574	1	0:00:00.145446
1542	5	5	0.963	1	0:00:00.146995
1543	5	5	0.382	1	0:00:00.146926
1544	4	4	0.683	1	0:00:00.146032
1545	1	1	0.199	1	0:00:00.145639
1546	4	4	0.736	1	0:00:00.146700
1547	2	0	0.928	0	0:00:00.147290
1548	5	5	0.219	1	0:00:00.144939
1549	1	1	0.458	1	0:00:00.147127
1550	6	6	0.174	1	0:00:00.146350
1551	4	2	0.0363	0	0:00:00.145204
1552	3	3	0.0619	1	0:00:00.145900
1553	4	4	0.244	1	0:00:00.147120
1554	4	4	0.0996	1	0:00:00.146834
1555	0	0	0.478	1	0:00:00.145660
1556	8	8	0.55	1	0:00:00.146199
1557	8	8	1.03	1	0:00:00.146859
1558	4	4	0.316	1	0:00:00.145702
1559	5	3	0.843	0	0:00:00.146291
1560	7	7	1.61	1	0:00:00.146684
1561	5	5	1.8	1	0:00:00.145877
1562	6	6	1.46	1	0:00:00.146663
1563	9	9	0.654	1	0:00:00.147397
1564	1	1	0.374	1	0:00:00.145887
1565	6	6	0.141	1	0:00:00.145959
1566	7	7	0.827	1	0:00:00.147241
1567	2	2	0.948	1	0:00:00.146830
1568	0	0	0.439	1	0:00:00.145335
1569	1	1	1.49	1	0:00:00.147535
1570	4	4	0.0675	1	0:00:00.147798
1571	5	5	0.462	1	0:00:00.146287
1572	6	-1	0.0	0	0:00:00.145737
1573	0	0	0.409	1	0:00:00.146488
1574	0	9	0.3	0	0:00:00.147092
1575	2	2	0.19	1	0:00:00.145516
1576	7	6	0.317	0	0:00:00.147199
1577	5	-1	0.0	0	0:00:00.145832
1578	6	6	0.834	1	0:00:00.146191
1579	0	0	1.57	1	0:00:00.147568
1580	6	1	0.331	0	0:00:00.146940
1581	2	9	0.0167	0	0:00:00.146280
1582	9	9	1.75	1	0:00:00.145673
1583	1	3	0.43	0	0:00:00.146418
1584	7	-1	0.0	0	0:00:00.144872
1585	7	7	1.5	1	0:00:00.145860
1586	5	5	0.553	1	0:00:00.147320
1587	2	0	0.756	0	0:00:00.147274
1588	5	-1	0.0	0	0:00:00.146101
1589	6	6	1.49	1	0:00:00.146120
1590	4	2	0.28	0	0:00:00.146297
1591	1	1	1.91	1	0:00:00.145717
1592	4	-1	0.0	0	0:00:00.146183
1593	3	-1	0.0	0	0:00:00.147006
1594	3	3	0.199	1	0:00:00.147313
1595	3	6	0.62	0	0:00:00.146484
1596	0	0	0.571	1	0:00:00.145488
1597	3	-1	0.0	0	0:00:00.145524
1598	5	-1	0.0	0	0:00:00.146343
1599	5	5	0.306	1	0:00:00.145961
1600	8	-1	0.0	0	0:00:00.146849
1601	9	9	0.461	1	0:00:00.147459
1602	7	7	0.855	1	0:00:00.145983
1603	3	-1	0.0	0	0:00:00.147383
1604	1	1	1.0	1	0:00:00.144897
1605	3	2	0.122	0	0:00:00.145730
1606	3	3	0.263	1	0:00:00.146816
1607	3	5	0.315	0	0:00:00.147074
1608	4	4	0.88	1	0:00:00.146057
1609	4	4	0.127	1	0:00:00.147534
1610	2	8	0.105	0	0:00:00.145912
1611	3	3	0.0894	1	0:00:00.145061
1612	3	-1	0.0	0	0:00:00.146220
1613	8	1	0.121	0	0:00:00.147140
1614	1	1	1.61	1	0:00:00.146752
1615	7	7	1.02	1	0:00:00.146584
1616	7	7	0.834	1	0:00:00.146435
1617	0	0	1.8	1	0:00:00.147223
1618	7	8	0.937	0	0:00:00.146226
1619	4	4	0.238	1	0:00:00.145532
1620	5	8	0.17	0	0:00:00.146683
1621	1	1	0.788	1	0:00:00.146720
1622	4	-1	0.0	0	0:00:00.146184
1623	2	-1	0.0	0	0:00:00.146945
1624	4	4	0.319	1	0:00:00.146769
1625	3	3	0.549	1	0:00:00.145702
1626	9	-1	0.0	0	0:00:00.146761
1627	9	9	1.28	1	0:00:00.145967
1628	4	-1	0.0	0	0:00:00.146126
1629	9	8	0.328	0	0:00:00.146503
1630	9	9	1.24	1	0:00:00.147421
1631	1	1	0.805	1	0:00:00.145960
1632	8	0	1.6	0	0:00:00.146992
1633	1	8	0.103	0	0:00:00.145559
1634	6	6	1.12	1	0:00:00.146092
1635	7	7	1.21	1	0:00:00.146294
1636	5	2	0.223	0	0:00:00.147405
1637	5	5	0.109	1	0:00:00.146720
1638	4	-1	0.0	0	0:00:00.146828
1639	9	9	1.02	1	0:00:00.146345
1640	7	5	0.19	0	0:00:00.145441
1641	6	2	0.187	0	0:00:00.147299
1642	5	-1	0.0	0	0:00:00.146133
1643	9	9	0.62	1	0:00:00.146479
1644	2	7	0.0497	0	0:00:00.146059
1645	4	4	0.804	1	0:00:00.147118
1646	0	0	0.832	1	0:00:00.145998
1647	7	7	0.607	1	0:00:00.146504
1648	8	8	0.337	1	0:00:00.147479
1649	5	-1	0.0	0	0:00:00.145975
1650	5	5	1.71	1	0:00:00.146441
1651	0	0	1.22	1	0:00:00.146568
1652	0	0	1.61	1	0:00:00.146384
1653	9	1	0.123	0	0:00:00.145941
1654	9	9	1.46	1	0:00:00.147641
1655	8	8	1.08	1	0:00:00.148176
1656	2	2	0.0434	1	0:00:00.146220
1657	5	5	0.291	1	0:00:00.145662
1658	4	4	0.0242	1	0:00:00.146183
1659	8	8	1.46	1	0:00:00.145756
1660	3	3	0.179	1	0:00:00.146600
1661	6	6	0.183	1	0:00:00.149009
1662	3	9	0.123	0	0:00:00.147523
1663	6	6	0.0748	1	0:00:00.145795
1664	0	0	1.01	1	0:00:00.145407
1665	6	6	1.23	1	0:00:00.145138
1666	6	6	0.275	1	0:00:00.145430
1667	6	6	0.122	1	0:00:00.146308
1668	9	1	0.651	0	0:00:00.148342
1669	6	6	0.229	1	0:00:00.147182
1670	6	4	0.425	0	0:00:00.145711
1671	8	8	1.8	1	0:00:00.146211
1672	6	6	0.171	1	0:00:00.147745
1673	2	2	0.441	1	0:00:00.146228
1674	4	4	0.0424	1	0:00:00.145994
1675	5	-1	0.0	0	0:00:00.147556
1676	8	8	1.13	1	0:00:00.146430
1677	1	1	1.06	1	0:00:00.145185
1678	2	-1	0.0	0	0:00:00.147255
1679	7	7	0.941	1	0:00:00.147610
1680	6	6	0.972	1	0:00:00.145788
1681	5	6	0.366	0	0:00:00.146324
1682	7	7	0.993	1	0:00:00.147502
1683	8	8	0.135	1	0:00:00.145820
1684	1	9	0.691	0	0:00:00.146909
1685	8	4	0.295	0	0:00:00.147333
1686	0	8	0.0599	0	0:00:00.147226
1687	8	0	0.554	0	0:00:00.145930
1688	6	6	0.135	1	0:00:00.145897
1689	9	-1	0.0	0	0:00:00.147554
1690	2	0	0.422	0	0:00:00.145992
1691	8	8	1.33	1	0:00:00.146211
1692	9	9	0.667	1	0:00:00.147579
1693	4	8	0.136	0	0:00:00.146227
1694	0	0	1.66	1	0:00:00.145311
1695	9	9	0.911	1	0:00:00.146983
1696	4	-1	0.0	0	0:00:00.147056
1697	9	1	0.412	0	0:00:00.146194
1698	5	5	0.574	1	0:00:00.146702
1699	7	-1	0.0	0	0:00:00.146781
1700	5	-1	0.0	0	0:00:00.146060
1701	5	5	0.0119	1	0:00:00.145355
1702	9	9	0.248	1	0:00:00.147275
1703	5	5	0.547	1	0:00:00.146904
1704	3	0	0.587	0	0:00:00.145465
1705	0	0	1.91	1	0:00:00.146190
1706	1	1	0.817	1	0:00:00.147288
1707	9	9	1.09	1	0:00:00.145871
1708	7	7	0.428	1	0:00:00.146206
1709	2	4	0.193	0	0:00:00.147280
1710	4	4	0.203	1	0:00:00.146828
1711	1	1	1.53	1	0:00:00.145421
1712	0	0	1.75	1	0:00:00.146224
1713	8	9	0.0873	0	0:00:00.147782
1714	0	0	0.915	1	0:00:00.145918
1715	3	-1	0.0	0	0:00:00.145922
1716	1	1	0.535	1	0:00:00.147394
1717	7	7	0.467	1	0:00:00.146765
1718	0	8	0.907	0	0:00:00.145323
1719	0	0	0.934	1	0:00:00.146574
1720	4	3	0.368	0	0:00:00.147074
1721	8	8	0.104	1	0:00:00.146231
1722	6	6	0.733	1	0:00:00.146998
1723	2	7	0.0568	0	0:00:00.147317
1724	4	2	0.074	0	0:00:00.146878
1725	0	0	1.75	1	0:00:00.145845
1726	0	0	1.55	1	0:00:00.146476
1727	9	8	0.313	0	0:00:00.147275
1728	0	-1	0.0	0	0:00:00.145909
1729	8	8	1.91	1	0:00:00.146884
1730	4	-1	0.0	0	0:00:00.146861
1731	5	6	0.91	0	0:00:00.146454
1732	9	1	0.646	0	0:00:00.146338
1733	3	3	1.18	1	0:00:00.147678
1734	9	9	1.36	1	0:00:00.147425
1735	0	0	0.308	1	0:00:00.146069
1736	5	-1	0.0	0	0:00:00.147350
1737	6	6	0.242	1	0:00:00.147167
1738	5	5	0.28	1	0:00:00.146367
1739	0	7	0.0543	0	0:00:00.145665
1740	1	9	0.125	0	0:00:00.146631
1741	4	5	0.0616	0	0:00:00.147311
1742	8	8	1.51	1	0:00:00.146718
1743	1	1	1.91	1	0:00:00.147214
1744	0	0	1.47	1	0:00:00.147100
1745	5	5	0.208	1	0:00:00.146135
1746	2	2	0.381	1	0:00:00.147020
1747	1	1	0.246	1	0:00:00.146989
1748	0	0	1.17	1	0:00:00.146198
1749	2	-1	0.0	0	0:00:00.146365
1750	8	8	1.18	1	0:00:00.147079
1751	1	1	1.38	1	0:00:00.147635
1752	5	2	0.179	0	0:00:00.146176
1753	6	6	0.685	1	0:00:00.146147
1754	7	7	1.56	1	0:00:00.147567
1755	7	7	1.04	1	0:00:00.146653
1756	2	7	0.237	0	0:00:00.145736
1757	6	6	0.218	1	0:00:00.147178
1758	2	2	0.17	1	0:00:00.146874
1759	5	3	0.391	0	0:00:00.147136
1760	0	0	0.502	1	0:00:00.146124
1761	1	1	0.732	1	0:00:00.147024
1762	4	-1	0.0	0	0:00:00.145818
1763	2	0	0.0693	0	0:00:00.145978
1764	5	-1	0.0	0	0:00:00.147202
1765	4	6	0.481	0	0:00:00.146949
1766	6	-1	0.0	0	0:00:00.147487
1767	2	4	0.425	0	0:00:00.146481
1768	2	8	0.396	0	0:00:00.147015
1769	1	1	0.437	1	0:00:00.146598
1770	7	7	0.434	1	0:00:00.146630
1771	2	2	0.15	1	0:00:00.146724
1772	8	9	0.0411	0	0:00:00.146904
1773	5	3	0.1	0	0:00:00.147322
1774	5	-1	0.0	0	0:00:00.148085
1775	3	3	0.0729	1	0:00:00.145829
1776	0	0	1.63	1	0:00:00.147568
1777	4	4	0.679	1	0:00:00.146571
1778	8	8	1.24	1	0:00:00.146402
1779	3	3	0.125	1	0:00:00.146348
1780	7	7	0.663	1	0:00:00.147295
1781	6	6	0.863	1	0:00:00.147094
1782	3	3	0.465	1	0:00:00.145684
1783	8	8	1.06	1	0:00:00.146684
1784	1	1	1.17	1	0:00:00.147116
1785	0	2	0.195	0	0:00:00.146808
1786	1	8	0.161	0	0:00:00.147209
1787	3	0	1.01	0	0:00:00.146614
1788	3	6	0.154	0	0:00:00.146696
1789	0	0	0.0479	1	0:00:00.146582
1790	7	5	0.675	0	0:00:00.146005
1791	4	6	0.285	0	0:00:00.146996
1792	9	9	1.91	1	0:00:00.145855
1793	5	5	1.22	1	0:00:00.147420
1794	3	-1	0.0	0	0:00:00.147070
1795	6	6	0.455	1	0:00:00.146675
1796	0	0	1.25	1	0:00:00.146791
1797	1	1	0.383	1	0:00:00.146568
1798	4	-1	0.0	0	0:00:00.147093
1799	4	0	0.422	0	0:00:00.145992
1800	4	4	0.0681	1	0:00:00.147629
1801	4	4	0.608	1	0:00:00.146291
1802	2	2	0.227	1	0:00:00.146137
1803	2	4	0.263	0	0:00:00.145953
1804	5	-1	0.0	0	0:00:00.146849
1805	8	8	0.838	1	0:00:00.146522
1806	1	1	0.369	1	0:00:00.147467
1807	5	-1	0.0	0	0:00:00.147048
1808	9	1	1.45	0	0:00:00.145944
1809	8	8	0.45	1	0:00:00.145721
1810	1	8	0.1	0	0:00:00.147501
1811	1	1	0.304	1	0:00:00.146890
1812	5	5	0.196	1	0:00:00.147164
1813	3	3	0.0734	1	0:00:00.146862
1814	9	9	0.272	1	0:00:00.147286
1815	9	9	1.01	1	0:00:00.145719
1816	7	7	0.29	1	0:00:00.146325
1817	6	6	0.153	1	0:00:00.146426
1818	5	5	0.488	1	0:00:00.147229
1819	0	0	0.899	1	0:00:00.146268
1820	8	9	0.538	0	0:00:00.146201
1821	4	6	0.306	0	0:00:00.147874
1822	7	9	0.501	0	0:00:00.145580
1823	0	9	0.597	0	0:00:00.147281
1824	9	9	0.9	1	0:00:00.145580
1825	2	2	0.923	1	0:00:00.146747
1826	8	8	1.54	1	0:00:00.146497
1827	4	4	1.18	1	0:00:00.147210
1828	7	4	0.185	0	0:00:00.147937
1829	1	1	0.119	1	0:00:00.147246
1830	3	-1	0.0	0	0:00:00.146158
1831	9	9	0.211	1	0:00:00.146075
1832	6	6	0.199	1	0:00:00.146657
1833	8	8	1.03	1	0:00:00.145553
1834	9	1	0.523	0	0:00:00.148400
1835	0	4	0.331	0	0:00:00.147764
1836	4	-1	0.0	0	0:00:00.146455
1837	9	6	0.241	0	0:00:00.145777
1838	6	-1	0.0	0	0:00:00.147264
1839	7	7	1.91	1	0:00:00.146675
1840	8	-1	0.0	0	0:00:00.146672
1841	9	1	0.139	0	0:00:00.148233
1842	4	4	0.371	1	0:00:00.146895
1843	8	8	1.33	1	0:00:00.146745
1844	9	-1	0.0	0	0:00:00.146837
1845	7	-1	0.0	0	0:00:00.145885
1846	2	2	0.117	1	0:00:00.147387
1847	5	5	0.274	1	0:00:00.145958
1848	3	3	0.619	1	0:00:00.148676
1849	7	7	1.19	1	0:00:00.146576
1850	1	4	0.028	0	0:00:00.146550
1851	0	0	1.75	1	0:00:00.145889
1852	2	8	0.488	0	0:00:00.146299
1853	9	9	0.532	1	0:00:00.146152
1854	5	3	0.0109	0	0:00:00.148243
1855	5	-1	0.0	0	0:00:00.146232
1856	8	8	1.3	1	0:00:00.146074
1857	5	5	1.15	1	0:00:00.147357
1858	4	7	0.0879	0	0:00:00.146243
1859	2	5	0.00709	0	0:00:00.146092
1860	8	8	0.707	1	0:00:00.147570
1861	3	1	0.0457	0	0:00:00.146911
1862	5	-1	0.0	0	0:00:00.146771
1863	5	6	0.0215	0	0:00:00.146645
1864	7	7	1.91	1	0:00:00.147917
1865	7	-1	0.0	0	0:00:00.146008
1866	8	8	1.8	1	0:00:00.145947
1867	6	6	0.169	1	0:00:00.146927
1868	2	-1	0.0	0	0:00:00.147006
1869	8	8	1.02	1	0:00:00.147778
1870	2	2	0.706	1	0:00:00.145657
1871	3	3	0.301	1	0:00:00.146105
1872	5	5	0.295	1	0:00:00.145768
1873	6	-1	0.0	0	0:00:00.148148
1874	8	8	0.944	1	0:00:00.146552
1875	0	0	1.28	1	0:00:00.146715
1876	2	-1	0.0	0	0:00:00.148047
1877	3	-1	0.0	0	0:00:00.146358
1878	7	7	1.04	1	0:00:00.146392
1879	0	0	0.497	1	0:00:00.146445
1880	1	1	0.518	1	0:00:00.146468
1881	9	9	1.8	1	0:00:00.146361
1882	1	1	0.0169	1	0:00:00.148654
1883	3	6	0.375	0	0:00:00.147412
1884	7	-1	0.0	0	0:00:00.146429
1885	5	5	0.446	1	0:00:00.147350
1886	8	8	0.617	1	0:00:00.145729
1887	3	-1	0.0	0	0:00:00.145463
