idx	label	predict	radius	correct	time
888	0	8	0.137	0	0:00:10.481577
889	4	-1	0.0	0	0:00:07.201798
890	4	-1	0.0	0	0:00:07.207537
891	6	6	0.723	1	0:00:07.207556
892	7	7	0.778	1	0:00:07.210321
893	6	-1	0.0	0	0:00:07.198684
894	1	1	1.55	1	0:00:07.205633
895	1	1	1.91	1	0:00:07.209098
896	3	3	0.829	1	0:00:07.213622
897	7	7	0.835	1	0:00:07.209722
898	3	3	0.229	1	0:00:07.209305
899	5	5	1.04	1	0:00:07.210011
900	2	-1	0.0	0	0:00:07.209568
901	6	6	1.21	1	0:00:07.207806
902	6	6	0.668	1	0:00:07.209746
903	5	5	0.211	1	0:00:07.208782
904	8	8	0.531	1	0:00:07.203135
905	7	-1	0.0	0	0:00:07.209358
906	1	1	0.252	1	0:00:07.204804
907	6	6	0.229	1	0:00:07.207628
908	8	8	1.27	1	0:00:07.210356
909	8	8	0.933	1	0:00:07.209872
910	5	-1	0.0	0	0:00:07.215086
911	3	3	1.49	1	0:00:07.209014
912	0	-1	0.0	0	0:00:07.208228
913	4	4	0.851	1	0:00:07.209340
914	0	-1	0.0	0	0:00:07.206819
915	1	1	1.1	1	0:00:07.210288
916	3	-1	0.0	0	0:00:07.207193
917	8	8	1.27	1	0:00:07.201146
918	8	8	0.899	1	0:00:07.206844
919	0	4	0.179	0	0:00:07.207456
920	6	6	0.0917	1	0:00:07.210454
921	9	9	1.54	1	0:00:07.206037
922	9	9	0.728	1	0:00:07.208349
923	9	-1	0.0	0	0:00:07.209725
924	5	-1	0.0	0	0:00:07.211177
925	5	3	1.38	0	0:00:07.211392
926	8	8	1.35	1	0:00:07.211209
927	6	-1	0.0	0	0:00:07.210834
928	0	0	0.389	1	0:00:07.205811
929	0	0	0.078	1	0:00:07.205650
930	4	4	0.715	1	0:00:07.210197
931	2	2	1.39	1	0:00:07.213302
932	3	3	0.172	1	0:00:07.216559
933	2	3	0.631	0	0:00:07.210216
934	7	7	1.91	1	0:00:07.211188
935	2	2	0.927	1	0:00:07.199449
936	2	2	0.876	1	0:00:07.203723
937	5	-1	0.0	0	0:00:07.206419
938	9	-1	0.0	0	0:00:07.207559
939	8	8	1.36	1	0:00:07.208115
940	9	9	1.4	1	0:00:07.210811
941	1	9	0.51	0	0:00:07.207036
942	7	7	0.281	1	0:00:07.203431
943	4	-1	0.0	0	0:00:07.206005
944	0	0	0.789	1	0:00:07.205633
945	3	3	0.255	1	0:00:07.204929
946	0	0	1.71	1	0:00:07.204225
947	1	1	1.19	1	0:00:07.203352
948	3	-1	0.0	0	0:00:07.206800
949	8	8	0.636	1	0:00:07.206729
950	3	-1	0.0	0	0:00:07.204423
951	9	9	1.47	1	0:00:07.200460
952	6	6	0.34	1	0:00:07.206830
953	1	1	0.197	1	0:00:07.202295
954	4	4	0.337	1	0:00:07.205383
955	7	7	1.48	1	0:00:07.201979
956	0	-1	0.0	0	0:00:07.202119
957	3	5	0.0903	0	0:00:07.205026
958	7	7	0.326	1	0:00:07.210365
959	8	8	1.63	1	0:00:07.203428
960	9	0	0.0463	0	0:00:07.202244
961	1	-1	0.0	0	0:00:07.205837
962	1	1	0.77	1	0:00:07.205477
963	6	6	0.812	1	0:00:07.210899
964	6	6	0.0848	1	0:00:07.210721
965	6	-1	0.0	0	0:00:07.205715
966	6	-1	0.0	0	0:00:07.206513
967	9	9	0.491	1	0:00:07.201997
968	1	1	1.54	1	0:00:07.208158
969	9	9	0.876	1	0:00:07.204738
970	9	9	1.38	1	0:00:07.213263
971	4	4	0.479	1	0:00:07.208318
972	2	2	0.162	1	0:00:07.210268
973	1	1	1.08	1	0:00:07.208917
974	7	2	0.404	0	0:00:07.207630
975	0	0	1.27	1	0:00:07.203566
976	6	6	0.423	1	0:00:07.207252
977	8	8	1.06	1	0:00:07.208751
978	1	1	0.49	1	0:00:07.209568
979	9	9	0.21	1	0:00:07.208151
980	2	-1	0.0	0	0:00:07.206784
981	9	9	0.2	1	0:00:07.205165
982	0	-1	0.0	0	0:00:07.208925
983	4	4	0.375	1	0:00:07.206777
984	7	7	0.151	1	0:00:07.208211
985	8	8	1.91	1	0:00:07.207655
986	3	3	0.422	1	0:00:07.211708
987	1	1	0.711	1	0:00:07.211016
988	2	2	0.643	1	0:00:07.211084
989	0	0	0.122	1	0:00:07.204458
990	1	1	0.554	1	0:00:07.211891
991	5	-1	0.0	0	0:00:07.209213
992	8	8	0.305	1	0:00:07.208764
993	4	7	0.253	0	0:00:07.212588
994	6	6	0.404	1	0:00:07.210448
995	3	-1	0.0	0	0:00:07.214218
996	8	8	0.481	1	0:00:07.206301
997	1	1	0.311	1	0:00:07.213225
998	3	3	1.18	1	0:00:07.212916
999	8	8	1.22	1	0:00:07.211873
1000	5	5	1.01	1	0:00:07.213901
1001	0	8	0.0119	0	0:00:07.210939
1002	8	-1	0.0	0	0:00:07.214552
1003	4	4	0.238	1	0:00:07.209365
1004	8	8	1.39	1	0:00:07.209746
1005	1	1	0.144	1	0:00:07.215681
1006	1	1	1.04	1	0:00:07.214699
1007	8	8	0.0924	1	0:00:07.214998
1008	9	1	0.393	0	0:00:07.212596
1009	6	-1	0.0	0	0:00:07.215186
1010	0	0	1.36	1	0:00:07.207418
1011	8	8	0.927	1	0:00:07.208828
1012	6	6	0.253	1	0:00:07.219000
1013	1	1	1.71	1	0:00:07.204858
1014	3	-1	0.0	0	0:00:07.216034
1015	4	4	0.394	1	0:00:07.213311
1016	1	1	0.661	1	0:00:07.213515
1017	6	6	0.649	1	0:00:07.216782
1018	0	0	1.01	1	0:00:07.211756
1019	5	-1	0.0	0	0:00:07.207657
1020	1	1	1.61	1	0:00:07.214826
1021	1	0	0.194	0	0:00:07.213066
1022	0	0	0.929	1	0:00:07.207831
1023	0	0	0.601	1	0:00:07.210470
1024	3	5	0.473	0	0:00:07.212930
1025	5	5	0.235	1	0:00:07.209812
1026	0	0	0.29	1	0:00:07.212488
1027	0	4	0.526	0	0:00:07.210041
1028	6	6	0.401	1	0:00:07.211997
1029	6	6	1.08	1	0:00:07.210794
1030	3	3	0.887	1	0:00:07.213677
1031	3	3	1.12	1	0:00:07.209940
1032	6	-1	0.0	0	0:00:07.214433
1033	3	3	0.827	1	0:00:07.209936
1034	6	-1	0.0	0	0:00:07.211182
1035	6	-1	0.0	0	0:00:07.209283
1036	0	0	0.211	1	0:00:07.213347
1037	7	7	1.17	1	0:00:07.211268
1038	2	2	1.44	1	0:00:07.208430
1039	2	4	0.333	0	0:00:07.210756
1040	7	-1	0.0	0	0:00:07.213610
1041	5	5	0.609	1	0:00:07.210895
1042	5	-1	0.0	0	0:00:07.210769
1043	2	2	0.303	1	0:00:07.210781
1044	8	8	0.754	1	0:00:07.201920
1045	5	3	0.214	0	0:00:07.210758
1046	2	2	0.884	1	0:00:07.209660
1047	1	-1	0.0	0	0:00:07.203351
1048	1	-1	0.0	0	0:00:07.211689
1049	4	-1	0.0	0	0:00:07.211214
1050	3	3	0.675	1	0:00:07.210713
1051	2	-1	0.0	0	0:00:07.209647
1052	0	0	1.14	1	0:00:07.210375
1053	3	5	0.0812	0	0:00:07.209106
1054	1	1	0.292	1	0:00:07.208971
1055	5	5	0.587	1	0:00:07.207776
1056	3	-1	0.0	0	0:00:07.208247
1057	7	5	0.305	0	0:00:07.208400
1058	6	6	0.564	1	0:00:07.208720
1059	8	8	0.656	1	0:00:07.211299
1060	9	9	1.24	1	0:00:07.206095
1061	1	1	0.636	1	0:00:07.205044
1062	6	6	0.83	1	0:00:07.208411
1063	4	4	0.613	1	0:00:07.208057
1064	9	3	0.16	0	0:00:07.208828
1065	3	9	0.642	0	0:00:07.207668
1066	9	1	1.34	0	0:00:07.211702
1067	0	0	1.91	1	0:00:07.207714
1068	9	9	1.04	1	0:00:07.202407
1069	6	6	1.42	1	0:00:07.207779
1070	3	3	0.181	1	0:00:07.210062
1071	6	6	1.4	1	0:00:07.210960
1072	0	8	1.03	0	0:00:07.208655
1073	7	7	1.8	1	0:00:07.206990
1074	3	3	1.11	1	0:00:07.204636
1075	8	8	0.285	1	0:00:07.207322
1076	0	0	0.556	1	0:00:07.205373
1077	0	0	1.59	1	0:00:07.204082
1078	0	0	1.51	1	0:00:07.193592
1079	6	6	0.796	1	0:00:07.200877
1080	6	6	0.216	1	0:00:07.207181
1081	6	6	0.986	1	0:00:07.206381
1082	9	9	0.238	1	0:00:07.203838
1083	2	-1	0.0	0	0:00:07.206445
1084	5	-1	0.0	0	0:00:07.201355
1085	4	4	1.37	1	0:00:07.202189
1086	4	4	0.589	1	0:00:07.201749
1087	6	6	0.522	1	0:00:07.207332
1088	3	3	0.977	1	0:00:07.208156
1089	6	6	0.732	1	0:00:07.204500
1090	0	0	0.806	1	0:00:07.200855
1091	8	8	0.725	1	0:00:07.206065
1092	6	6	0.313	1	0:00:07.203811
1093	0	4	0.151	0	0:00:07.199975
1094	6	6	0.0855	1	0:00:07.209450
1095	2	2	0.541	1	0:00:07.201972
1096	7	7	1.71	1	0:00:07.205288
1097	5	5	0.671	1	0:00:07.206274
1098	1	1	0.883	1	0:00:07.207178
1099	2	2	0.534	1	0:00:07.203698
1100	7	7	0.514	1	0:00:07.206525
1101	8	8	1.71	1	0:00:07.203172
1102	8	8	0.55	1	0:00:07.207787
1103	0	0	1.27	1	0:00:07.205778
1104	9	9	0.732	1	0:00:07.208329
1105	4	3	0.53	0	0:00:07.207491
1106	9	9	1.59	1	0:00:07.208367
1107	7	7	1.1	1	0:00:07.207556
1108	2	2	0.602	1	0:00:07.206037
1109	0	8	0.0515	0	0:00:07.208200
1110	2	2	1.91	1	0:00:07.202654
1111	8	8	0.45	1	0:00:07.203866
1112	3	3	0.614	1	0:00:07.208637
1113	8	8	1.48	1	0:00:07.203289
1114	9	9	0.614	1	0:00:07.206949
1115	1	1	1.24	1	0:00:07.213345
1116	5	5	0.157	1	0:00:07.204799
1117	5	5	0.477	1	0:00:07.207899
1118	4	4	0.0975	1	0:00:07.210087
1119	7	7	1.18	1	0:00:07.208570
1120	5	2	0.147	0	0:00:07.211393
1121	3	3	0.49	1	0:00:07.212793
1122	8	8	0.436	1	0:00:07.207535
1123	3	3	0.154	1	0:00:07.211083
1124	3	2	0.612	0	0:00:07.209541
1125	6	6	0.888	1	0:00:07.209980
1126	2	0	1.17	0	0:00:07.208194
1127	8	8	1.32	1	0:00:07.207105
1128	4	-1	0.0	0	0:00:07.212119
1129	3	3	0.187	1	0:00:07.210681
1130	7	-1	0.0	0	0:00:07.212739
1131	1	-1	0.0	0	0:00:07.211728
1132	2	-1	0.0	0	0:00:07.213679
1133	4	-1	0.0	0	0:00:07.214748
1134	1	9	0.036	0	0:00:07.210199
1135	6	6	0.758	1	0:00:07.207636
1136	9	9	0.199	1	0:00:07.213078
1137	0	-1	0.0	0	0:00:07.211624
1138	5	6	0.0989	0	0:00:07.216021
1139	8	8	1.59	1	0:00:07.214722
1140	6	6	0.641	1	0:00:07.213483
1141	1	1	1.51	1	0:00:07.212684
1142	8	8	0.894	1	0:00:07.211670
1143	6	6	1.55	1	0:00:07.207932
1144	1	-1	0.0	0	0:00:07.209265
1145	4	4	0.029	1	0:00:07.212683
1146	2	2	0.181	1	0:00:07.212205
1147	6	-1	0.0	0	0:00:07.209955
1148	2	2	0.547	1	0:00:07.214814
1149	7	-1	0.0	0	0:00:07.213397
1150	2	-1	0.0	0	0:00:07.210747
1151	2	2	0.286	1	0:00:07.211482
1152	0	0	0.48	1	0:00:07.215048
1153	8	8	0.347	1	0:00:07.211246
1154	6	6	0.408	1	0:00:07.215440
1155	9	9	0.158	1	0:00:07.210823
1156	1	-1	0.0	0	0:00:07.213310
1157	7	7	0.882	1	0:00:07.214065
1158	1	1	0.365	1	0:00:07.211444
1159	8	8	0.678	1	0:00:07.213570
1160	8	0	0.00647	0	0:00:07.210840
1161	0	0	0.652	1	0:00:07.216839
1162	7	7	1.11	1	0:00:07.211180
1163	3	-1	0.0	0	0:00:07.215019
1164	8	8	0.433	1	0:00:07.202119
1165	0	0	1.36	1	0:00:07.211247
1166	3	-1	0.0	0	0:00:07.210368
1167	4	-1	0.0	0	0:00:07.209522
1168	3	3	0.194	1	0:00:07.213462
1169	7	7	1.21	1	0:00:07.215039
1170	7	7	1.47	1	0:00:07.211937
1171	9	9	1.1	1	0:00:07.212139
1172	2	2	0.276	1	0:00:07.211218
1173	3	-1	0.0	0	0:00:07.204392
1174	1	1	1.91	1	0:00:07.206890
1175	9	9	0.884	1	0:00:07.211088
1176	1	1	0.83	1	0:00:07.211200
1177	9	9	0.279	1	0:00:07.214994
1178	6	2	0.589	0	0:00:07.209610
1179	3	3	0.199	1	0:00:07.213071
1180	3	3	0.543	1	0:00:07.210297
1181	3	-1	0.0	0	0:00:07.215521
1182	1	1	0.237	1	0:00:07.212291
1183	0	0	1.22	1	0:00:07.205076
1184	6	6	1.22	1	0:00:07.211033
1185	1	-1	0.0	0	0:00:07.205792
1186	4	4	0.773	1	0:00:07.212410
1187	1	1	0.496	1	0:00:07.209704
1188	0	0	0.907	1	0:00:07.209411
1189	0	0	0.361	1	0:00:07.210663
1190	1	1	0.975	1	0:00:07.207372
1191	1	1	0.617	1	0:00:07.209181
1192	6	6	0.0455	1	0:00:07.211345
1193	5	-1	0.0	0	0:00:07.209618
1194	4	4	0.787	1	0:00:07.205025
1195	6	6	1.4	1	0:00:07.208640
1196	2	2	1.09	1	0:00:07.211817
1197	0	0	1.37	1	0:00:07.201994
1198	7	7	1.75	1	0:00:07.210031
1199	9	9	0.106	1	0:00:07.207919
1200	8	8	0.00609	1	0:00:07.209183
1201	7	7	1.28	1	0:00:07.210215
1202	2	2	0.43	1	0:00:07.208646
1203	0	0	0.254	1	0:00:07.210653
1204	6	6	0.905	1	0:00:07.206558
1205	8	8	0.7	1	0:00:07.202623
1206	1	1	1.91	1	0:00:07.211183
1207	4	-1	0.0	0	0:00:07.204345
1208	3	-1	0.0	0	0:00:07.207416
1209	7	7	0.707	1	0:00:07.209396
1210	0	0	1.07	1	0:00:07.210591
1211	6	-1	0.0	0	0:00:07.210076
1212	1	1	0.618	1	0:00:07.206945
1213	8	8	1.91	1	0:00:07.210395
1214	5	5	1.54	1	0:00:07.209171
1215	7	7	1.91	1	0:00:07.209843
1216	8	8	0.808	1	0:00:07.202069
1217	4	4	0.712	1	0:00:07.208579
1218	8	8	0.296	1	0:00:07.202920
1219	3	5	0.367	0	0:00:07.204895
1220	9	-1	0.0	0	0:00:07.204663
1221	9	9	0.497	1	0:00:07.208263
1222	9	-1	0.0	0	0:00:07.208102
1223	8	0	1.34	0	0:00:07.203607
1224	7	4	0.262	0	0:00:07.206748
1225	6	6	1.05	1	0:00:07.211560
1226	6	6	0.52	1	0:00:07.208449
1227	3	3	0.616	1	0:00:07.209247
1228	5	-1	0.0	0	0:00:07.207393
1229	1	1	1.09	1	0:00:07.212434
1230	5	3	0.505	0	0:00:07.206555
1231	9	9	1.14	1	0:00:07.214333
1232	1	1	0.775	1	0:00:07.205076
1233	4	4	0.827	1	0:00:07.207458
1234	1	1	1.12	1	0:00:07.207629
1235	5	-1	0.0	0	0:00:07.210879
1236	7	3	0.596	0	0:00:07.210553
1237	0	0	1.38	1	0:00:07.207097
1238	1	1	1.44	1	0:00:07.214859
1239	5	3	0.412	0	0:00:07.209209
1240	2	6	0.498	0	0:00:07.209896
1241	0	8	0.124	0	0:00:07.209054
1242	8	-1	0.0	0	0:00:07.212529
1243	8	8	1.22	1	0:00:07.206855
1244	5	3	0.245	0	0:00:07.211994
1245	6	6	0.143	1	0:00:07.213160
1246	7	7	0.105	1	0:00:07.213461
1247	3	-1	0.0	0	0:00:07.212755
1248	2	4	0.226	0	0:00:07.208818
1249	4	4	0.109	1	0:00:07.213933
1250	7	7	0.869	1	0:00:07.210187
1251	2	2	0.214	1	0:00:07.216174
1252	5	5	0.992	1	0:00:07.215602
1253	8	8	0.536	1	0:00:07.213989
1254	2	2	0.665	1	0:00:07.213954
1255	4	4	0.564	1	0:00:07.211475
1256	9	8	0.316	0	0:00:07.204209
1257	2	-1	0.0	0	0:00:07.218280
1258	1	1	0.24	1	0:00:07.215236
1259	8	8	1.01	1	0:00:07.209642
1260	1	9	0.197	0	0:00:07.215455
1261	9	-1	0.0	0	0:00:07.211793
1262	8	8	1.51	1	0:00:07.213478
1263	8	0	0.165	0	0:00:07.213486
1264	8	8	0.899	1	0:00:07.214589
1265	9	1	0.943	0	0:00:07.212953
1266	0	8	0.375	0	0:00:07.212715
1267	4	4	0.693	1	0:00:07.216497
1268	3	2	0.151	0	0:00:07.216982
1269	3	3	1.38	1	0:00:07.216967
1270	1	1	0.457	1	0:00:07.218038
1271	8	8	1.68	1	0:00:07.209024
1272	4	7	0.773	0	0:00:07.212049
1273	6	6	0.321	1	0:00:07.217265
1274	3	-1	0.0	0	0:00:07.214307
1275	3	3	0.436	1	0:00:07.210438
1276	5	5	0.0249	1	0:00:07.212600
1277	2	-1	0.0	0	0:00:07.216958
1278	2	2	0.52	1	0:00:07.211620
1279	8	8	0.905	1	0:00:07.211795
1280	3	5	0.28	0	0:00:07.212039
1281	8	8	1.36	1	0:00:07.216098
1282	9	9	0.421	1	0:00:07.213409
1283	5	3	0.209	0	0:00:07.211033
1284	8	5	0.302	0	0:00:07.217404
1285	9	9	0.375	1	0:00:07.214013
1286	8	-1	0.0	0	0:00:07.212289
1287	9	-1	0.0	0	0:00:07.210402
1288	1	1	1.8	1	0:00:07.215743
1289	6	6	0.654	1	0:00:07.211054
1290	5	5	0.712	1	0:00:07.214912
1291	9	9	0.754	1	0:00:07.209723
1292	4	4	0.699	1	0:00:07.208883
1293	4	4	0.169	1	0:00:07.213063
1294	8	8	0.404	1	0:00:07.210186
1295	0	0	1.16	1	0:00:07.208336
1296	7	7	1.0	1	0:00:07.208125
1297	2	2	0.747	1	0:00:07.212843
1298	9	9	1.55	1	0:00:07.211805
1299	7	-1	0.0	0	0:00:07.211938
1300	4	3	0.557	0	0:00:07.210018
1301	1	1	1.91	1	0:00:07.207670
1302	6	5	0.0716	0	0:00:07.214250
1303	4	3	1.14	0	0:00:07.206834
1304	4	8	0.251	0	0:00:07.209682
1305	9	9	1.0	1	0:00:07.210504
1306	1	-1	0.0	0	0:00:07.214630
1307	2	0	0.56	0	0:00:07.205857
1308	5	4	0.135	0	0:00:07.209480
1309	6	6	0.219	1	0:00:07.211703
1310	0	0	1.68	1	0:00:07.211032
1311	8	8	1.13	1	0:00:07.205826
1312	6	6	0.675	1	0:00:07.208653
1313	1	1	1.28	1	0:00:07.212277
1314	9	9	1.91	1	0:00:07.208984
1315	4	2	0.0433	0	0:00:07.205375
1316	5	5	1.48	1	0:00:07.210195
1317	9	9	1.91	1	0:00:07.209111
1318	5	5	0.67	1	0:00:07.209138
1319	0	0	1.56	1	0:00:07.199167
1320	7	2	0.133	0	0:00:07.205852
1321	2	-1	0.0	0	0:00:07.207193
1322	0	0	0.608	1	0:00:07.206042
1323	0	0	0.154	1	0:00:07.208510
1324	4	4	0.087	1	0:00:07.211060
1325	2	2	0.0772	1	0:00:07.208702
1326	6	6	0.36	1	0:00:07.205000
1327	6	6	1.66	1	0:00:07.207187
1328	5	3	0.227	0	0:00:07.202732
1329	5	7	0.588	0	0:00:07.208001
1330	2	-1	0.0	0	0:00:07.205733
1331	8	8	1.71	1	0:00:07.209184
1332	1	1	0.6	1	0:00:07.207589
1333	7	-1	0.0	0	0:00:07.204590
1334	3	2	0.766	0	0:00:07.208883
1335	1	1	1.71	1	0:00:07.203131
1336	4	4	0.147	1	0:00:07.204805
1337	5	-1	0.0	0	0:00:07.205533
1338	6	6	1.18	1	0:00:07.208190
1339	5	-1	0.0	0	0:00:07.208026
1340	1	1	1.8	1	0:00:07.202008
1341	4	4	0.339	1	0:00:07.203424
1342	7	7	0.443	1	0:00:07.209380
1343	0	0	1.38	1	0:00:07.206389
1344	9	9	0.255	1	0:00:07.208897
1345	4	2	0.343	0	0:00:07.203275
1346	3	-1	0.0	0	0:00:07.204942
1347	8	8	1.55	1	0:00:07.207216
1348	2	-1	0.0	0	0:00:07.209864
1349	8	8	1.75	1	0:00:07.199884
1350	4	6	0.0064	0	0:00:07.205920
1351	7	7	1.42	1	0:00:07.202090
1352	2	4	0.169	0	0:00:07.206069
1353	3	-1	0.0	0	0:00:07.206839
1354	1	1	1.21	1	0:00:07.207821
1355	5	-1	0.0	0	0:00:07.208841
1356	2	-1	0.0	0	0:00:07.210046
1357	9	-1	0.0	0	0:00:07.205496
1358	8	8	1.36	1	0:00:07.201691
1359	9	9	1.8	1	0:00:07.208692
1360	7	7	0.771	1	0:00:07.209785
1361	9	9	1.18	1	0:00:07.210533
1362	5	5	0.195	1	0:00:07.204191
1363	1	1	1.05	1	0:00:07.204907
1364	4	4	1.6	1	0:00:07.206532
1365	0	0	1.02	1	0:00:07.202308
1366	8	8	1.38	1	0:00:07.205811
1367	2	2	0.51	1	0:00:07.207575
1368	3	3	0.787	1	0:00:07.201208
1369	8	8	0.733	1	0:00:07.207147
1370	9	9	0.245	1	0:00:07.207521
1371	1	1	1.17	1	0:00:07.209368
1372	1	1	0.242	1	0:00:07.209342
1373	3	3	0.215	1	0:00:07.205741
1374	2	-1	0.0	0	0:00:07.205781
1375	4	4	1.8	1	0:00:07.207958
1376	9	9	0.732	1	0:00:07.211281
1377	3	-1	0.0	0	0:00:07.209753
1378	1	1	0.913	1	0:00:07.210856
1379	7	7	0.399	1	0:00:07.209811
1380	4	-1	0.0	0	0:00:07.204829
1381	6	6	0.631	1	0:00:07.213514
1382	2	2	0.13	1	0:00:07.206736
1383	8	-1	0.0	0	0:00:07.210833
1384	9	9	0.483	1	0:00:07.212656
1385	5	5	0.288	1	0:00:07.213513
1386	3	3	0.92	1	0:00:07.213712
1387	9	9	1.91	1	0:00:07.211167
1388	5	-1	0.0	0	0:00:07.214650
1389	5	-1	0.0	0	0:00:07.212115
1390	6	6	0.905	1	0:00:07.217509
1391	7	4	0.172	0	0:00:07.213338
1392	2	2	0.987	1	0:00:07.215552
1393	4	-1	0.0	0	0:00:07.215261
1394	6	-1	0.0	0	0:00:07.214553
1395	3	-1	0.0	0	0:00:07.213432
1396	1	1	0.0313	1	0:00:07.212863
1397	0	0	1.61	1	0:00:07.205898
1398	7	7	0.11	1	0:00:07.206409
1399	2	0	0.437	0	0:00:07.206195
1400	5	3	0.239	0	0:00:07.211789
1401	4	7	0.0417	0	0:00:07.213726
1402	7	7	0.7	1	0:00:07.216938
1403	6	4	0.16	0	0:00:07.211592
1404	1	1	1.14	1	0:00:07.211724
1405	1	-1	0.0	0	0:00:07.214605
1406	9	9	0.867	1	0:00:07.213398
1407	8	8	0.198	1	0:00:07.211516
1408	1	1	1.17	1	0:00:07.213080
1409	0	0	0.48	1	0:00:07.207178
1410	1	1	1.91	1	0:00:07.209725
1411	3	3	0.694	1	0:00:07.212730
1412	1	1	1.59	1	0:00:07.215142
1413	1	1	0.461	1	0:00:07.214062
1414	1	1	0.718	1	0:00:07.215078
1415	7	7	0.709	1	0:00:07.208011
1416	3	3	0.572	1	0:00:07.212932
1417	9	9	0.584	1	0:00:07.208970
1418	6	6	0.0194	1	0:00:07.214360
1419	8	8	1.91	1	0:00:07.206536
1420	4	4	0.234	1	0:00:07.212076
1421	6	6	1.11	1	0:00:07.213695
1422	8	8	0.574	1	0:00:07.204234
1423	4	4	0.891	1	0:00:07.212539
1424	9	9	1.3	1	0:00:07.207872
1425	4	-1	0.0	0	0:00:07.212714
1426	7	7	1.59	1	0:00:07.211023
1427	9	9	0.883	1	0:00:07.206806
1428	7	7	0.167	1	0:00:07.207952
1429	6	3	0.142	0	0:00:07.204593
1430	8	8	0.529	1	0:00:07.210551
1431	4	4	0.935	1	0:00:07.209038
1432	9	9	1.53	1	0:00:07.206470
1433	7	7	1.16	1	0:00:07.209749
1434	0	0	0.232	1	0:00:07.205354
1435	1	1	1.68	1	0:00:07.206509
1436	6	6	1.91	1	0:00:07.207673
1437	1	1	0.527	1	0:00:07.209461
1438	5	-1	0.0	0	0:00:07.209537
1439	9	9	0.201	1	0:00:07.209786
1440	0	8	0.0265	0	0:00:07.207926
1441	4	4	0.46	1	0:00:07.206806
1442	3	5	0.105	0	0:00:07.212765
1443	4	4	0.442	1	0:00:07.205784
1444	1	1	1.42	1	0:00:07.210484
1445	3	3	0.284	1	0:00:07.210170
1446	0	0	0.85	1	0:00:07.207601
1447	8	8	0.636	1	0:00:07.202068
1448	4	4	0.325	1	0:00:07.202505
1449	6	6	1.57	1	0:00:07.211297
1450	2	2	0.629	1	0:00:07.206210
1451	2	2	0.605	1	0:00:07.209248
1452	6	3	0.551	0	0:00:07.203445
1453	5	-1	0.0	0	0:00:07.208879
1454	3	3	0.539	1	0:00:07.210525
1455	6	6	1.31	1	0:00:07.201977
1456	2	-1	0.0	0	0:00:07.205344
1457	1	1	1.39	1	0:00:07.206075
1458	1	1	1.14	1	0:00:07.203477
1459	8	8	0.581	1	0:00:07.199470
1460	6	6	1.02	1	0:00:07.205318
1461	0	0	1.03	1	0:00:07.205362
1462	4	-1	0.0	0	0:00:07.201222
1463	0	0	0.378	1	0:00:07.206094
1464	1	1	0.637	1	0:00:07.204592
1465	9	9	0.32	1	0:00:07.200725
1466	7	7	1.91	1	0:00:07.204906
1467	1	1	1.27	1	0:00:07.205148
1468	3	5	0.372	0	0:00:07.198651
1469	7	7	1.03	1	0:00:07.204591
1470	7	2	0.168	0	0:00:07.202317
1471	8	8	0.363	1	0:00:07.204005
1472	7	7	0.4	1	0:00:07.203435
1473	7	7	1.91	1	0:00:07.202903
1474	3	4	0.17	0	0:00:07.203712
1475	9	9	1.19	1	0:00:07.199379
1476	7	7	1.8	1	0:00:07.205879
1477	7	7	0.28	1	0:00:07.202451
1478	7	7	0.278	1	0:00:07.204530
1479	2	2	0.462	1	0:00:07.202648
1480	1	1	0.857	1	0:00:07.208096
1481	2	2	1.33	1	0:00:07.203843
1482	8	8	0.493	1	0:00:07.204422
1483	6	6	1.33	1	0:00:07.204461
1484	4	-1	0.0	0	0:00:07.205242
1485	0	0	0.9	1	0:00:07.202484
1486	7	7	1.48	1	0:00:07.204933
1487	9	9	0.644	1	0:00:07.206419
1488	8	8	0.328	1	0:00:07.202507
1489	6	6	0.322	1	0:00:07.208484
1490	8	8	1.75	1	0:00:07.208147
1491	4	-1	0.0	0	0:00:07.208433
1492	9	-1	0.0	0	0:00:07.205051
1493	1	1	0.375	1	0:00:07.212822
1494	7	7	0.668	1	0:00:07.204759
1495	2	2	0.399	1	0:00:07.202797
1496	2	2	0.901	1	0:00:07.206890
1497	8	8	1.46	1	0:00:07.208085
1498	5	3	0.926	0	0:00:07.208664
1499	8	8	0.356	1	0:00:07.208823
1500	1	1	1.14	1	0:00:07.213786
1501	2	-1	0.0	0	0:00:07.207989
1502	2	4	0.0353	0	0:00:07.207490
1503	4	-1	0.0	0	0:00:07.207119
1504	1	-1	0.0	0	0:00:07.208685
1505	2	-1	0.0	0	0:00:07.210060
1506	5	7	0.946	0	0:00:07.214094
1507	2	0	0.0188	0	0:00:07.211838
1508	8	8	1.07	1	0:00:07.206758
1509	1	1	0.848	1	0:00:07.213523
1510	8	6	0.0549	0	0:00:07.206882
1511	1	1	1.91	1	0:00:07.204071
1512	8	8	1.0	1	0:00:07.207783
1513	6	-1	0.0	0	0:00:07.212381
1514	0	-1	0.0	0	0:00:07.211364
1515	2	2	0.691	1	0:00:07.213331
1516	4	4	0.499	1	0:00:07.213625
1517	1	1	1.27	1	0:00:07.213163
1518	3	3	0.455	1	0:00:07.215434
1519	6	6	0.985	1	0:00:07.210919
1520	7	7	0.983	1	0:00:07.211521
1521	7	7	0.57	1	0:00:07.210567
1522	4	4	0.934	1	0:00:07.211885
1523	4	4	0.895	1	0:00:07.212980
1524	3	3	0.298	1	0:00:07.211078
1525	3	5	0.127	0	0:00:07.203641
1526	4	4	0.119	1	0:00:07.215379
1527	5	-1	0.0	0	0:00:07.212579
1528	2	2	1.63	1	0:00:07.210727
1529	4	-1	0.0	0	0:00:07.215276
1530	3	3	0.123	1	0:00:07.209818
1531	7	7	0.548	1	0:00:07.212227
1532	8	0	0.229	0	0:00:07.207560
1533	4	4	0.543	1	0:00:07.211624
1534	4	4	0.137	1	0:00:07.211922
1535	4	2	0.441	0	0:00:07.213239
1536	5	-1	0.0	0	0:00:07.215587
1537	4	4	0.283	1	0:00:07.212322
1538	3	-1	0.0	0	0:00:07.216138
1539	2	2	0.0718	1	0:00:07.212132
1540	8	8	1.68	1	0:00:07.209743
1541	4	4	0.718	1	0:00:07.209288
1542	5	5	0.614	1	0:00:07.215621
1543	5	3	0.079	0	0:00:07.212056
1544	4	4	0.835	1	0:00:07.210430
1545	1	-1	0.0	0	0:00:07.212147
1546	4	4	0.632	1	0:00:07.210130
1547	2	2	0.311	1	0:00:07.209901
1548	5	-1	0.0	0	0:00:07.207731
1549	1	1	0.561	1	0:00:07.211965
1550	6	6	0.964	1	0:00:07.212779
1551	4	4	0.01	1	0:00:07.210582
1552	3	3	0.141	1	0:00:07.208679
1553	4	4	0.295	1	0:00:07.207042
1554	4	6	0.0311	0	0:00:07.209490
1555	0	0	0.664	1	0:00:07.204039
1556	8	8	0.4	1	0:00:07.207670
1557	8	8	1.03	1	0:00:07.203741
1558	4	4	0.5	1	0:00:07.211340
1559	5	5	0.0766	1	0:00:07.211492
1560	7	7	1.91	1	0:00:07.206655
1561	5	5	0.764	1	0:00:07.213005
1562	6	6	1.71	1	0:00:07.210588
1563	9	9	1.8	1	0:00:07.202424
1564	1	1	0.691	1	0:00:07.208538
1565	6	6	0.578	1	0:00:07.212425
1566	7	7	0.331	1	0:00:07.207923
1567	2	2	1.3	1	0:00:07.209974
1568	0	0	0.379	1	0:00:07.208399
1569	1	1	0.535	1	0:00:07.208207
1570	4	4	0.198	1	0:00:07.210738
1571	5	5	0.103	1	0:00:07.215304
1572	6	2	0.0012	0	0:00:07.211604
1573	0	0	0.297	1	0:00:07.207593
1574	0	9	0.32	0	0:00:07.206299
1575	2	2	0.377	1	0:00:07.208421
1576	7	-1	0.0	0	0:00:07.207465
1577	5	-1	0.0	0	0:00:07.207026
1578	6	6	0.768	1	0:00:07.208135
1579	0	0	1.54	1	0:00:07.201987
1580	6	1	0.391	0	0:00:07.206664
1581	2	9	0.382	0	0:00:07.203614
1582	9	9	1.91	1	0:00:07.205952
1583	1	3	0.331	0	0:00:07.202991
1584	7	7	0.0722	1	0:00:07.207616
1585	7	7	1.8	1	0:00:07.204463
1586	5	5	0.784	1	0:00:07.206678
1587	2	0	0.398	0	0:00:07.201303
1588	5	5	0.248	1	0:00:07.205627
1589	6	6	1.42	1	0:00:07.207844
1590	4	-1	0.0	0	0:00:07.206331
1591	1	1	1.91	1	0:00:07.205840
1592	4	4	0.0612	1	0:00:07.202909
1593	3	3	0.713	1	0:00:07.205471
1594	3	3	0.274	1	0:00:07.202169
1595	3	6	0.0892	0	0:00:07.206734
1596	0	0	0.88	1	0:00:07.207465
1597	3	3	0.479	1	0:00:07.206431
1598	5	5	0.615	1	0:00:07.205975
1599	5	5	0.527	1	0:00:07.204986
1600	8	9	0.0673	0	0:00:07.202400
1601	9	9	1.03	1	0:00:07.203511
1602	7	7	0.72	1	0:00:07.204046
1603	3	3	0.173	1	0:00:07.202930
1604	1	1	1.53	1	0:00:07.198862
1605	3	-1	0.0	0	0:00:07.201028
1606	3	3	0.165	1	0:00:07.207413
1607	3	3	0.0409	1	0:00:07.209728
1608	4	4	0.433	1	0:00:07.202368
1609	4	4	0.553	1	0:00:07.209715
1610	2	-1	0.0	0	0:00:07.203231
1611	3	3	0.815	1	0:00:07.204681
1612	3	-1	0.0	0	0:00:07.209494
1613	8	8	0.243	1	0:00:07.205312
1614	1	1	1.91	1	0:00:07.203617
1615	7	7	1.45	1	0:00:07.202230
1616	7	7	0.983	1	0:00:07.205433
1617	0	0	1.53	1	0:00:07.196275
1618	7	3	0.0503	0	0:00:07.205813
1619	4	4	1.0	1	0:00:07.205007
1620	5	-1	0.0	0	0:00:07.207126
1621	1	1	1.53	1	0:00:07.208017
1622	4	2	0.146	0	0:00:07.203250
1623	2	-1	0.0	0	0:00:07.206367
1624	4	4	0.564	1	0:00:07.208025
1625	3	3	0.802	1	0:00:07.206482
1626	9	-1	0.0	0	0:00:07.208667
1627	9	9	1.91	1	0:00:07.203277
1628	4	-1	0.0	0	0:00:07.205608
1629	9	9	1.54	1	0:00:07.199894
1630	9	9	0.94	1	0:00:07.210031
1631	1	1	0.964	1	0:00:07.211695
1632	8	0	0.124	0	0:00:07.206424
1633	1	1	0.0523	1	0:00:07.209206
1634	6	6	0.844	1	0:00:07.208595
1635	7	7	0.624	1	0:00:07.210396
1636	5	2	0.728	0	0:00:07.209733
1637	5	5	0.0474	1	0:00:07.205993
1638	4	-1	0.0	0	0:00:07.209870
1639	9	9	0.708	1	0:00:07.209868
1640	7	-1	0.0	0	0:00:07.210747
1641	6	6	0.322	1	0:00:07.214150
1642	5	-1	0.0	0	0:00:07.210808
1643	9	9	0.533	1	0:00:07.213881
1644	2	-1	0.0	0	0:00:07.208575
1645	4	4	0.893	1	0:00:07.213547
1646	0	0	1.8	1	0:00:07.201741
1647	7	7	1.44	1	0:00:07.210022
1648	8	8	0.714	1	0:00:07.208688
1649	5	-1	0.0	0	0:00:07.211163
1650	5	5	1.27	1	0:00:07.210110
1651	0	0	0.947	1	0:00:07.200244
1652	0	0	1.53	1	0:00:07.210340
1653	9	8	0.396	0	0:00:07.206084
1654	9	9	0.934	1	0:00:07.210155
1655	8	8	1.2	1	0:00:07.208099
1656	2	2	0.475	1	0:00:07.211098
1657	5	5	0.576	1	0:00:07.209171
1658	4	4	0.269	1	0:00:07.209637
1659	8	8	1.59	1	0:00:07.210620
1660	3	3	0.405	1	0:00:07.215315
1661	6	-1	0.0	0	0:00:07.211874
1662	3	9	0.49	0	0:00:07.212188
1663	6	2	0.164	0	0:00:07.212631
1664	0	0	0.324	1	0:00:07.198138
1665	6	6	1.39	1	0:00:07.213402
1666	6	6	0.199	1	0:00:07.211665
1667	6	6	0.188	1	0:00:07.208339
1668	9	1	0.241	0	0:00:07.209980
1669	6	6	0.289	1	0:00:07.208880
1670	6	4	0.475	0	0:00:07.211244
1671	8	8	1.71	1	0:00:07.212580
1672	6	6	0.776	1	0:00:07.207860
1673	2	6	0.06	0	0:00:07.213048
1674	4	4	0.631	1	0:00:07.211029
1675	5	-1	0.0	0	0:00:07.210122
1676	8	8	0.639	1	0:00:07.204862
1677	1	1	1.64	1	0:00:07.210413
1678	2	2	0.4	1	0:00:07.208734
1679	7	7	0.972	1	0:00:07.208924
1680	6	6	1.04	1	0:00:07.210945
1681	5	6	0.226	0	0:00:07.208369
1682	7	7	1.16	1	0:00:07.210023
1683	8	0	0.0226	0	0:00:07.206777
1684	1	9	0.218	0	0:00:07.211440
1685	8	4	0.54	0	0:00:07.209644
1686	0	8	1.16	0	0:00:07.207850
1687	8	8	0.347	1	0:00:07.205702
1688	6	6	0.512	1	0:00:07.209661
1689	9	-1	0.0	0	0:00:07.206951
1690	2	-1	0.0	0	0:00:07.205823
1691	8	8	1.41	1	0:00:07.202433
1692	9	9	1.19	1	0:00:07.206059
1693	4	8	0.788	0	0:00:07.208835
1694	0	0	1.56	1	0:00:07.197271
1695	9	9	0.726	1	0:00:07.206084
1696	4	4	0.743	1	0:00:07.209230
1697	9	9	0.453	1	0:00:07.206513
1698	5	5	0.268	1	0:00:07.205864
1699	7	7	0.572	1	0:00:07.206884
1700	5	-1	0.0	0	0:00:07.204332
1701	5	2	0.164	0	0:00:07.208354
1702	9	9	0.377	1	0:00:07.198075
1703	5	5	0.987	1	0:00:07.208746
1704	3	-1	0.0	0	0:00:07.202715
1705	0	0	1.91	1	0:00:07.207452
1706	1	1	1.57	1	0:00:07.206190
1707	9	9	1.15	1	0:00:07.205965
1708	7	7	0.779	1	0:00:07.206938
1709	2	2	0.046	1	0:00:07.207974
1710	4	4	0.305	1	0:00:07.203674
1711	1	1	1.49	1	0:00:07.207315
1712	0	0	1.29	1	0:00:07.197762
1713	8	-1	0.0	0	0:00:07.204450
1714	0	0	0.971	1	0:00:07.202847
1715	3	-1	0.0	0	0:00:07.203573
1716	1	1	1.16	1	0:00:07.205106
1717	7	7	1.8	1	0:00:07.203398
1718	0	8	0.713	0	0:00:07.203130
1719	0	0	1.01	1	0:00:07.202863
1720	4	-1	0.0	0	0:00:07.202358
1721	8	8	0.472	1	0:00:07.202892
1722	6	6	1.07	1	0:00:07.204080
1723	2	-1	0.0	0	0:00:07.196795
1724	4	2	0.367	0	0:00:07.202084
1725	0	0	1.68	1	0:00:07.196795
1726	0	0	1.61	1	0:00:07.198563
1727	9	8	0.347	0	0:00:07.203021
1728	0	-1	0.0	0	0:00:07.197279
1729	8	8	1.91	1	0:00:07.202287
1730	4	0	0.137	0	0:00:07.203074
1731	5	6	0.562	0	0:00:07.204251
1732	9	-1	0.0	0	0:00:07.204419
1733	3	3	1.05	1	0:00:07.206037
1734	9	9	1.04	1	0:00:07.206834
1735	0	0	0.897	1	0:00:07.199379
1736	5	5	0.0237	1	0:00:07.201496
1737	6	-1	0.0	0	0:00:07.208845
1738	5	5	0.389	1	0:00:07.200990
1739	0	-1	0.0	0	0:00:07.202393
1740	1	1	0.967	1	0:00:07.200562
1741	4	-1	0.0	0	0:00:07.202493
1742	8	8	1.75	1	0:00:07.206037
1743	1	1	1.91	1	0:00:07.205259
1744	0	0	1.38	1	0:00:07.196342
1745	5	5	0.694	1	0:00:07.205878
1746	2	2	0.0456	1	0:00:07.204379
1747	1	1	0.469	1	0:00:07.209662
1748	0	0	1.2	1	0:00:07.198649
1749	2	-1	0.0	0	0:00:07.208016
1750	8	8	0.892	1	0:00:07.205369
1751	1	1	0.967	1	0:00:07.207242
1752	5	5	1.36	1	0:00:07.207441
1753	6	6	0.781	1	0:00:07.209598
1754	7	7	1.35	1	0:00:07.206398
1755	7	7	0.741	1	0:00:07.210052
1756	2	3	0.155	0	0:00:07.209149
1757	6	6	0.751	1	0:00:07.207912
1758	2	2	1.71	1	0:00:07.204129
1759	5	-1	0.0	0	0:00:07.204715
1760	0	0	0.361	1	0:00:07.209140
1761	1	1	1.14	1	0:00:07.211627
1762	4	4	0.476	1	0:00:07.206756
1763	2	1	0.0193	0	0:00:07.211366
1764	5	-1	0.0	0	0:00:07.212502
1765	4	6	0.107	0	0:00:07.206121
1766	6	-1	0.0	0	0:00:07.207908
1767	2	-1	0.0	0	0:00:07.209106
1768	2	2	0.903	1	0:00:07.207071
1769	1	-1	0.0	0	0:00:07.213210
1770	7	7	0.54	1	0:00:07.212103
1771	2	2	0.388	1	0:00:07.209038
1772	8	9	0.384	0	0:00:07.209979
1773	5	5	0.0709	1	0:00:07.213161
1774	5	5	0.411	1	0:00:07.214414
1775	3	3	0.997	1	0:00:07.212181
1776	0	0	1.49	1	0:00:07.206546
1777	4	4	0.582	1	0:00:07.211306
1778	8	8	0.145	1	0:00:07.205173
1779	3	5	0.322	0	0:00:07.210256
1780	7	7	0.5	1	0:00:07.209556
1781	6	6	1.45	1	0:00:07.211212
1782	3	3	0.707	1	0:00:07.208231
1783	8	8	1.13	1	0:00:07.205791
1784	1	1	1.02	1	0:00:07.213270
1785	0	2	0.0748	0	0:00:07.207035
1786	1	1	0.0328	1	0:00:07.211394
1787	3	-1	0.0	0	0:00:07.204885
1788	3	6	0.593	0	0:00:07.209461
1789	0	0	0.287	1	0:00:07.212235
1790	7	5	0.0342	0	0:00:07.209530
1791	4	6	0.331	0	0:00:07.210833
1792	9	9	1.91	1	0:00:07.207774
1793	5	5	0.639	1	0:00:07.212300
1794	3	-1	0.0	0	0:00:07.206308
1795	6	6	0.252	1	0:00:07.212882
1796	0	0	1.91	1	0:00:07.207754
1797	1	1	0.828	1	0:00:07.211886
1798	4	-1	0.0	0	0:00:07.211293
1799	4	-1	0.0	0	0:00:07.209881
1800	4	0	0.0117	0	0:00:07.211056
1801	4	4	1.3	1	0:00:07.206479
1802	2	2	0.296	1	0:00:07.207263
1803	2	6	0.151	0	0:00:07.210364
1804	5	-1	0.0	0	0:00:07.209924
1805	8	8	0.618	1	0:00:07.205931
1806	1	1	0.311	1	0:00:07.211666
1807	5	-1	0.0	0	0:00:07.208338
1808	9	1	0.435	0	0:00:07.212347
1809	8	8	0.484	1	0:00:07.205429
1810	1	1	0.407	1	0:00:07.206116
1811	1	8	0.263	0	0:00:07.207986
1812	5	7	0.214	0	0:00:07.210653
1813	3	-1	0.0	0	0:00:07.210863
1814	9	9	0.703	1	0:00:07.209420
1815	9	9	1.22	1	0:00:07.211667
1816	7	7	0.552	1	0:00:07.204845
1817	6	6	0.701	1	0:00:07.208886
1818	5	5	0.44	1	0:00:07.203997
1819	0	0	0.933	1	0:00:07.207304
1820	8	8	0.616	1	0:00:07.207866
1821	4	-1	0.0	0	0:00:07.206856
1822	7	5	0.371	0	0:00:07.206918
1823	0	4	0.0495	0	0:00:07.205727
1824	9	9	0.945	1	0:00:07.206909
1825	2	2	1.51	1	0:00:07.203311
1826	8	8	1.61	1	0:00:07.200505
1827	4	4	1.07	1	0:00:07.206347
1828	7	7	0.0754	1	0:00:07.201499
1829	1	1	0.158	1	0:00:07.206872
1830	3	2	0.256	0	0:00:07.208008
1831	9	-1	0.0	0	0:00:07.205655
1832	6	-1	0.0	0	0:00:07.206909
1833	8	8	1.91	1	0:00:07.199383
1834	9	9	0.0999	1	0:00:07.208593
1835	0	4	0.157	0	0:00:07.201401
1836	4	2	0.00296	0	0:00:07.204288
1837	9	-1	0.0	0	0:00:07.208137
1838	6	-1	0.0	0	0:00:07.203763
1839	7	7	1.91	1	0:00:07.206458
1840	8	-1	0.0	0	0:00:07.207921
1841	9	1	0.082	0	0:00:07.204858
1842	4	4	0.974	1	0:00:07.205343
1843	8	8	1.18	1	0:00:07.198433
1844	9	9	0.496	1	0:00:07.205692
1845	7	-1	0.0	0	0:00:07.206311
1846	2	-1	0.0	0	0:00:07.203655
1847	5	3	0.815	0	0:00:07.204212
1848	3	3	0.975	1	0:00:07.205144
1849	7	7	1.63	1	0:00:07.204043
1850	1	-1	0.0	0	0:00:07.201730
1851	0	0	1.33	1	0:00:07.200548
1852	2	2	0.0186	1	0:00:07.201037
1853	9	9	0.767	1	0:00:07.199931
1854	5	5	0.321	1	0:00:07.205762
1855	5	5	0.196	1	0:00:07.205825
1856	8	8	1.64	1	0:00:07.203492
1857	5	5	1.17	1	0:00:07.205551
1858	4	4	0.213	1	0:00:07.205902
1859	2	-1	0.0	0	0:00:07.205828
1860	8	8	1.55	1	0:00:07.207913
1861	3	3	0.418	1	0:00:07.210334
1862	5	-1	0.0	0	0:00:07.204701
1863	5	-1	0.0	0	0:00:07.203272
1864	7	7	1.91	1	0:00:07.207016
1865	7	7	0.459	1	0:00:07.206367
1866	8	8	1.59	1	0:00:07.201320
1867	6	6	0.258	1	0:00:07.204857
1868	2	-1	0.0	0	0:00:07.207803
1869	8	8	1.17	1	0:00:07.203068
1870	2	2	1.38	1	0:00:07.202858
1871	3	3	0.594	1	0:00:07.202803
1872	5	5	0.872	1	0:00:07.207724
1873	6	6	0.421	1	0:00:07.205817
1874	8	8	1.04	1	0:00:07.205540
1875	0	0	1.37	1	0:00:07.205456
1876	2	3	0.0323	0	0:00:07.209353
1877	3	3	0.143	1	0:00:07.211457
1878	7	7	1.22	1	0:00:07.210304
1879	0	0	0.329	1	0:00:07.208840
1880	1	1	1.19	1	0:00:07.208920
1881	9	9	1.66	1	0:00:07.209334
1882	1	1	1.0	1	0:00:07.206001
1883	3	6	0.281	0	0:00:07.208549
1884	7	-1	0.0	0	0:00:07.211728
1885	5	5	0.633	1	0:00:07.208435
1886	8	9	0.11	0	0:00:07.212357
1887	3	-1	0.0	0	0:00:07.209073
