idx	label	predict	radius	correct	time
888	0	8	0.294	0	0:00:00.072586
889	4	-1	0.0	0	0:00:00.041581
890	4	4	0.221	1	0:00:00.041772
891	6	6	1.01	1	0:00:00.041645
892	7	5	0.204	0	0:00:00.040643
893	6	-1	0.0	0	0:00:00.041095
894	1	1	0.826	1	0:00:00.041120
895	1	1	0.594	1	0:00:00.039478
896	3	3	0.764	1	0:00:00.038949
897	7	7	0.233	1	0:00:00.038995
898	3	5	0.0465	0	0:00:00.038752
899	5	5	0.405	1	0:00:00.038882
900	2	6	0.203	0	0:00:00.038208
901	6	6	0.556	1	0:00:00.037954
902	6	6	0.632	1	0:00:00.038137
903	5	5	0.558	1	0:00:00.038149
904	8	8	0.348	1	0:00:00.037864
905	7	3	0.0137	0	0:00:00.037688
906	1	8	0.398	0	0:00:00.037985
907	6	6	0.551	1	0:00:00.037852
908	8	8	0.683	1	0:00:00.037776
909	8	8	0.765	1	0:00:00.037331
910	5	7	0.306	0	0:00:00.037465
911	3	3	1.49	1	0:00:00.037434
912	0	6	0.0624	0	0:00:00.037899
913	4	4	0.477	1	0:00:00.037702
914	0	-1	0.0	0	0:00:00.037620
915	1	1	0.828	1	0:00:00.037641
916	3	-1	0.0	0	0:00:00.037334
917	8	8	1.03	1	0:00:00.037546
918	8	8	0.225	1	0:00:00.037742
919	0	-1	0.0	0	0:00:00.037668
920	6	6	0.682	1	0:00:00.037655
921	9	9	1.46	1	0:00:00.038069
922	9	9	0.566	1	0:00:00.038448
923	9	6	0.266	0	0:00:00.038882
924	5	-1	0.0	0	0:00:00.038894
925	5	3	0.915	0	0:00:00.038340
926	8	8	1.11	1	0:00:00.037907
927	6	-1	0.0	0	0:00:00.038110
928	0	2	0.0658	0	0:00:00.038533
929	0	8	0.404	0	0:00:00.038958
930	4	4	0.227	1	0:00:00.038188
931	2	2	0.519	1	0:00:00.039165
932	3	3	0.109	1	0:00:00.037964
933	2	3	0.973	0	0:00:00.038277
934	7	7	1.8	1	0:00:00.037992
935	2	2	0.867	1	0:00:00.037623
936	2	-1	0.0	0	0:00:00.037357
937	5	7	0.398	0	0:00:00.037733
938	9	-1	0.0	0	0:00:00.037565
939	8	8	0.735	1	0:00:00.037557
940	9	9	1.27	1	0:00:00.037576
941	1	9	0.572	0	0:00:00.037684
942	7	7	1.91	1	0:00:00.037724
943	4	4	0.0729	1	0:00:00.037747
944	0	0	0.512	1	0:00:00.037930
945	3	-1	0.0	0	0:00:00.037591
946	0	0	1.22	1	0:00:00.037592
947	1	1	0.0457	1	0:00:00.037520
948	3	4	0.116	0	0:00:00.037901
949	8	1	0.0567	0	0:00:00.037788
950	3	-1	0.0	0	0:00:00.037779
951	9	9	0.84	1	0:00:00.037934
952	6	6	0.184	1	0:00:00.037792
953	1	-1	0.0	0	0:00:00.037773
954	4	4	0.124	1	0:00:00.037639
955	7	7	0.81	1	0:00:00.037609
956	0	0	0.265	1	0:00:00.037615
957	3	6	0.0127	0	0:00:00.037560
958	7	7	0.677	1	0:00:00.037764
959	8	8	1.1	1	0:00:00.037922
960	9	9	0.316	1	0:00:00.037926
961	1	-1	0.0	0	0:00:00.037631
962	1	1	0.844	1	0:00:00.037515
963	6	6	0.373	1	0:00:00.037526
964	6	-1	0.0	0	0:00:00.037472
965	6	6	0.489	1	0:00:00.037611
966	6	6	0.171	1	0:00:00.037662
967	9	9	0.539	1	0:00:00.037585
968	1	1	0.639	1	0:00:00.037749
969	9	9	0.312	1	0:00:00.037423
970	9	9	0.275	1	0:00:00.037586
971	4	4	0.23	1	0:00:00.037444
972	2	2	0.204	1	0:00:00.037524
973	1	1	1.14	1	0:00:00.037463
974	7	2	0.28	0	0:00:00.037786
975	0	0	1.49	1	0:00:00.037837
976	6	6	0.172	1	0:00:00.037773
977	8	8	0.921	1	0:00:00.037635
978	1	1	0.789	1	0:00:00.037655
979	9	9	0.327	1	0:00:00.037555
980	2	6	0.523	0	0:00:00.037714
981	9	1	0.221	0	0:00:00.037612
982	0	7	0.319	0	0:00:00.037485
983	4	-1	0.0	0	0:00:00.038089
984	7	7	0.482	1	0:00:00.037511
985	8	8	1.39	1	0:00:00.037453
986	3	5	0.964	0	0:00:00.037632
987	1	1	0.542	1	0:00:00.037632
988	2	2	0.556	1	0:00:00.037798
989	0	0	0.314	1	0:00:00.037896
990	1	1	0.51	1	0:00:00.037666
991	5	3	0.519	0	0:00:00.037588
992	8	8	0.107	1	0:00:00.037692
993	4	-1	0.0	0	0:00:00.037624
994	6	6	0.43	1	0:00:00.037436
995	3	-1	0.0	0	0:00:00.037282
996	8	-1	0.0	0	0:00:00.037530
997	1	1	0.326	1	0:00:00.037453
998	3	3	0.848	1	0:00:00.037520
999	8	8	1.18	1	0:00:00.037434
1000	5	5	1.68	1	0:00:00.037767
1001	0	-1	0.0	0	0:00:00.037545
1002	8	-1	0.0	0	0:00:00.037655
1003	4	4	0.176	1	0:00:00.037661
1004	8	8	1.16	1	0:00:00.037726
1005	1	1	0.201	1	0:00:00.037606
1006	1	1	0.815	1	0:00:00.037586
1007	8	8	0.215	1	0:00:00.037373
1008	9	-1	0.0	0	0:00:00.037400
1009	6	-1	0.0	0	0:00:00.037945
1010	0	0	1.91	1	0:00:00.037765
1011	8	8	0.758	1	0:00:00.037760
1012	6	-1	0.0	0	0:00:00.037567
1013	1	1	0.424	1	0:00:00.037550
1014	3	-1	0.0	0	0:00:00.037719
1015	4	6	0.0911	0	0:00:00.037603
1016	1	1	0.389	1	0:00:00.037770
1017	6	6	0.993	1	0:00:00.037737
1018	0	0	1.8	1	0:00:00.037801
1019	5	0	0.83	0	0:00:00.037455
1020	1	1	0.546	1	0:00:00.037694
1021	1	0	0.316	0	0:00:00.037953
1022	0	0	0.999	1	0:00:00.037806
1023	0	0	0.174	1	0:00:00.037927
1024	3	-1	0.0	0	0:00:00.037611
1025	5	5	1.55	1	0:00:00.037715
1026	0	6	0.319	0	0:00:00.037922
1027	0	-1	0.0	0	0:00:00.037833
1028	6	6	0.388	1	0:00:00.037921
1029	6	6	1.27	1	0:00:00.037822
1030	3	-1	0.0	0	0:00:00.037636
1031	3	3	0.284	1	0:00:00.037883
1032	6	-1	0.0	0	0:00:00.037741
1033	3	3	0.173	1	0:00:00.037722
1034	6	5	0.00434	0	0:00:00.037573
1035	6	-1	0.0	0	0:00:00.037513
1036	0	6	0.0137	0	0:00:00.037804
1037	7	7	1.13	1	0:00:00.037794
1038	2	2	1.31	1	0:00:00.037577
1039	2	4	0.302	0	0:00:00.037740
1040	7	5	0.359	0	0:00:00.037829
1041	5	5	0.536	1	0:00:00.037705
1042	5	2	0.149	0	0:00:00.037722
1043	2	2	0.0591	1	0:00:00.037862
1044	8	8	0.91	1	0:00:00.037663
1045	5	3	0.456	0	0:00:00.037569
1046	2	2	0.245	1	0:00:00.037524
1047	1	8	0.114	0	0:00:00.037699
1048	1	1	1.03	1	0:00:00.037661
1049	4	7	0.768	0	0:00:00.037842
1050	3	0	0.558	0	0:00:00.037685
1051	2	-1	0.0	0	0:00:00.037554
1052	0	0	0.749	1	0:00:00.037783
1053	3	5	1.26	0	0:00:00.038041
1054	1	1	0.0964	1	0:00:00.037889
1055	5	-1	0.0	0	0:00:00.037686
1056	3	6	0.377	0	0:00:00.037564
1057	7	5	0.202	0	0:00:00.037588
1058	6	-1	0.0	0	0:00:00.037853
1059	8	0	0.134	0	0:00:00.037861
1060	9	9	0.634	1	0:00:00.037625
1061	1	-1	0.0	0	0:00:00.037466
1062	6	6	0.787	1	0:00:00.038017
1063	4	6	0.181	0	0:00:00.038174
1064	9	-1	0.0	0	0:00:00.037669
1065	3	9	0.417	0	0:00:00.037906
1066	9	1	1.09	0	0:00:00.037910
1067	0	0	1.8	1	0:00:00.037820
1068	9	9	0.765	1	0:00:00.037577
1069	6	6	0.748	1	0:00:00.037666
1070	3	5	0.0554	0	0:00:00.037578
1071	6	6	1.16	1	0:00:00.037631
1072	0	8	0.264	0	0:00:00.037599
1073	7	7	1.91	1	0:00:00.037776
1074	3	3	0.481	1	0:00:00.037610
1075	8	8	0.162	1	0:00:00.037560
1076	0	0	1.24	1	0:00:00.037601
1077	0	0	1.55	1	0:00:00.037549
1078	0	0	1.91	1	0:00:00.037739
1079	6	6	0.827	1	0:00:00.037634
1080	6	6	1.09	1	0:00:00.037602
1081	6	6	0.584	1	0:00:00.037696
1082	9	9	0.713	1	0:00:00.037724
1083	2	-1	0.0	0	0:00:00.037728
1084	5	-1	0.0	0	0:00:00.037646
1085	4	4	1.14	1	0:00:00.037746
1086	4	2	0.0132	0	0:00:00.037656
1087	6	6	0.208	1	0:00:00.037715
1088	3	-1	0.0	0	0:00:00.037434
1089	6	6	0.687	1	0:00:00.037482
1090	0	0	0.711	1	0:00:00.037988
1091	8	8	0.674	1	0:00:00.037737
1092	6	6	0.438	1	0:00:00.037846
1093	0	-1	0.0	0	0:00:00.037776
1094	6	5	0.813	0	0:00:00.037544
1095	2	2	0.155	1	0:00:00.037532
1096	7	7	1.55	1	0:00:00.037575
1097	5	5	1.33	1	0:00:00.037550
1098	1	1	0.933	1	0:00:00.037519
1099	2	2	0.314	1	0:00:00.037427
1100	7	-1	0.0	0	0:00:00.037294
1101	8	8	1.25	1	0:00:00.037338
1102	8	8	0.139	1	0:00:00.037446
1103	0	0	1.44	1	0:00:00.037513
1104	9	9	0.202	1	0:00:00.037583
1105	4	-1	0.0	0	0:00:00.037405
1106	9	9	1.11	1	0:00:00.037573
1107	7	7	0.272	1	0:00:00.037692
1108	2	2	0.846	1	0:00:00.037763
1109	0	8	0.669	0	0:00:00.038126
1110	2	2	1.91	1	0:00:00.037920
1111	8	8	0.799	1	0:00:00.037987
1112	3	3	0.105	1	0:00:00.037827
1113	8	8	0.807	1	0:00:00.037813
1114	9	9	0.499	1	0:00:00.037930
1115	1	1	0.71	1	0:00:00.037859
1116	5	3	0.104	0	0:00:00.037715
1117	5	-1	0.0	0	0:00:00.037571
1118	4	7	0.0878	0	0:00:00.037822
1119	7	7	1.6	1	0:00:00.037907
1120	5	5	0.178	1	0:00:00.037897
1121	3	3	0.16	1	0:00:00.037703
1122	8	8	0.103	1	0:00:00.037885
1123	3	3	0.529	1	0:00:00.037743
1124	3	2	0.64	0	0:00:00.037813
1125	6	6	1.11	1	0:00:00.037577
1126	2	0	1.31	0	0:00:00.037716
1127	8	8	0.855	1	0:00:00.037358
1128	4	-1	0.0	0	0:00:00.037349
1129	3	6	0.152	0	0:00:00.037565
1130	7	-1	0.0	0	0:00:00.037535
1131	1	9	0.0307	0	0:00:00.037734
1132	2	6	0.178	0	0:00:00.037676
1133	4	-1	0.0	0	0:00:00.037431
1134	1	-1	0.0	0	0:00:00.037462
1135	6	6	0.343	1	0:00:00.037694
1136	9	1	0.315	0	0:00:00.037706
1137	0	9	0.416	0	0:00:00.037631
1138	5	6	0.45	0	0:00:00.037424
1139	8	8	1.91	1	0:00:00.037756
1140	6	6	0.487	1	0:00:00.037770
1141	1	1	0.777	1	0:00:00.037649
1142	8	8	1.24	1	0:00:00.037757
1143	6	6	1.32	1	0:00:00.037595
1144	1	8	0.0625	0	0:00:00.038041
1145	4	-1	0.0	0	0:00:00.037713
1146	2	2	0.0617	1	0:00:00.037801
1147	6	6	0.353	1	0:00:00.038019
1148	2	6	0.0207	0	0:00:00.037993
1149	7	-1	0.0	0	0:00:00.037701
1150	2	7	0.74	0	0:00:00.037938
1151	2	2	0.316	1	0:00:00.037580
1152	0	8	0.0709	0	0:00:00.037667
1153	8	9	0.32	0	0:00:00.037719
1154	6	6	0.475	1	0:00:00.037609
1155	9	9	0.0581	1	0:00:00.037661
1156	1	1	0.0226	1	0:00:00.037667
1157	7	7	0.179	1	0:00:00.037505
1158	1	1	0.97	1	0:00:00.037588
1159	8	-1	0.0	0	0:00:00.037689
1160	8	8	0.615	1	0:00:00.037670
1161	0	-1	0.0	0	0:00:00.037652
1162	7	7	1.14	1	0:00:00.037408
1163	3	5	0.759	0	0:00:00.037581
1164	8	8	0.436	1	0:00:00.037952
1165	0	0	1.37	1	0:00:00.037764
1166	3	-1	0.0	0	0:00:00.037631
1167	4	2	0.409	0	0:00:00.037638
1168	3	3	0.335	1	0:00:00.037666
1169	7	7	1.02	1	0:00:00.037785
1170	7	0	0.144	0	0:00:00.037782
1171	9	9	0.455	1	0:00:00.037906
1172	2	3	0.249	0	0:00:00.037983
1173	3	3	0.563	1	0:00:00.037732
1174	1	1	1.25	1	0:00:00.037652
1175	9	9	0.931	1	0:00:00.037750
1176	1	1	0.174	1	0:00:00.037879
1177	9	1	0.219	0	0:00:00.037763
1178	6	2	0.225	0	0:00:00.037654
1179	3	3	0.459	1	0:00:00.037613
1180	3	3	0.486	1	0:00:00.037585
1181	3	3	0.0566	1	0:00:00.038064
1182	1	-1	0.0	0	0:00:00.037749
1183	0	0	0.871	1	0:00:00.037441
1184	6	6	0.596	1	0:00:00.037677
1185	1	8	0.00891	0	0:00:00.037563
1186	4	4	0.448	1	0:00:00.037636
1187	1	1	0.564	1	0:00:00.037670
1188	0	0	1.35	1	0:00:00.037362
1189	0	0	0.332	1	0:00:00.037741
1190	1	1	0.603	1	0:00:00.037832
1191	1	1	0.51	1	0:00:00.037822
1192	6	6	0.351	1	0:00:00.037690
1193	5	5	0.238	1	0:00:00.037472
1194	4	4	0.629	1	0:00:00.037863
1195	6	6	1.8	1	0:00:00.037860
1196	2	2	0.338	1	0:00:00.037748
1197	0	0	0.957	1	0:00:00.037942
1198	7	7	1.35	1	0:00:00.037971
1199	9	1	0.181	0	0:00:00.037649
1200	8	8	0.213	1	0:00:00.037906
1201	7	7	1.05	1	0:00:00.037858
1202	2	9	0.334	0	0:00:00.037816
1203	0	0	0.402	1	0:00:00.037848
1204	6	6	0.841	1	0:00:00.037710
1205	8	8	0.486	1	0:00:00.037846
1206	1	1	1.57	1	0:00:00.037807
1207	4	8	0.333	0	0:00:00.037882
1208	3	-1	0.0	0	0:00:00.037874
1209	7	-1	0.0	0	0:00:00.037495
1210	0	-1	0.0	0	0:00:00.037871
1211	6	-1	0.0	0	0:00:00.037495
1212	1	1	0.231	1	0:00:00.037687
1213	8	8	1.75	1	0:00:00.037704
1214	5	5	0.568	1	0:00:00.037795
1215	7	7	1.75	1	0:00:00.037681
1216	8	1	0.817	0	0:00:00.037635
1217	4	3	0.0218	0	0:00:00.037742
1218	8	0	0.168	0	0:00:00.037807
1219	3	5	1.13	0	0:00:00.037717
1220	9	6	0.0564	0	0:00:00.037548
1221	9	-1	0.0	0	0:00:00.037311
1222	9	1	0.0605	0	0:00:00.037629
1223	8	0	1.75	0	0:00:00.037600
1224	7	4	0.091	0	0:00:00.037678
1225	6	6	0.989	1	0:00:00.037568
1226	6	6	0.366	1	0:00:00.037607
1227	3	-1	0.0	0	0:00:00.037467
1228	5	-1	0.0	0	0:00:00.037633
1229	1	1	0.874	1	0:00:00.037842
1230	5	3	0.544	0	0:00:00.037761
1231	9	9	0.705	1	0:00:00.037694
1232	1	1	1.28	1	0:00:00.037695
1233	4	-1	0.0	0	0:00:00.037603
1234	1	1	1.38	1	0:00:00.037762
1235	5	5	0.133	1	0:00:00.037819
1236	7	3	0.0533	0	0:00:00.037642
1237	0	0	0.534	1	0:00:00.037808
1238	1	1	1.24	1	0:00:00.037658
1239	5	3	0.379	0	0:00:00.037645
1240	2	6	0.906	0	0:00:00.037447
1241	0	-1	0.0	0	0:00:00.037692
1242	8	9	0.221	0	0:00:00.037589
1243	8	8	0.957	1	0:00:00.037578
1244	5	5	0.395	1	0:00:00.037633
1245	6	6	0.124	1	0:00:00.037560
1246	7	-1	0.0	0	0:00:00.037622
1247	3	-1	0.0	0	0:00:00.037420
1248	2	0	0.0976	0	0:00:00.037496
1249	4	4	0.161	1	0:00:00.037445
1250	7	7	1.6	1	0:00:00.037744
1251	2	5	0.665	0	0:00:00.037662
1252	5	5	0.109	1	0:00:00.037815
1253	8	1	0.308	0	0:00:00.037826
1254	2	2	0.768	1	0:00:00.037866
1255	4	0	0.00415	0	0:00:00.037923
1256	9	8	0.947	0	0:00:00.037761
1257	2	-1	0.0	0	0:00:00.037526
1258	1	-1	0.0	0	0:00:00.037584
1259	8	8	1.75	1	0:00:00.037763
1260	1	9	0.425	0	0:00:00.037686
1261	9	8	0.0123	0	0:00:00.037768
1262	8	8	0.606	1	0:00:00.037740
1263	8	0	0.0333	0	0:00:00.037942
1264	8	8	0.275	1	0:00:00.037778
1265	9	1	0.112	0	0:00:00.037604
1266	0	8	0.786	0	0:00:00.037376
1267	4	4	0.415	1	0:00:00.037471
1268	3	2	0.442	0	0:00:00.037972
1269	3	-1	0.0	0	0:00:00.037756
1270	1	9	0.544	0	0:00:00.037792
1271	8	8	1.06	1	0:00:00.037712
1272	4	7	0.723	0	0:00:00.037758
1273	6	6	0.737	1	0:00:00.037717
1274	3	3	0.0137	1	0:00:00.037612
1275	3	-1	0.0	0	0:00:00.037883
1276	5	1	0.937	0	0:00:00.037893
1277	2	5	0.93	0	0:00:00.037841
1278	2	2	1.07	1	0:00:00.037711
1279	8	5	0.114	0	0:00:00.037802
1280	3	7	0.349	0	0:00:00.037766
1281	8	8	1.63	1	0:00:00.037778
1282	9	9	0.23	1	0:00:00.037806
1283	5	3	0.152	0	0:00:00.037763
1284	8	5	0.564	0	0:00:00.037661
1285	9	7	0.0662	0	0:00:00.037640
1286	8	-1	0.0	0	0:00:00.037758
1287	9	-1	0.0	0	0:00:00.037748
1288	1	1	0.99	1	0:00:00.037911
1289	6	6	0.0179	1	0:00:00.037723
1290	5	5	0.00314	1	0:00:00.037668
1291	9	8	0.055	0	0:00:00.037570
1292	4	-1	0.0	0	0:00:00.037523
1293	4	-1	0.0	0	0:00:00.037611
1294	8	8	0.0752	1	0:00:00.037956
1295	0	0	1.48	1	0:00:00.037601
1296	7	2	0.139	0	0:00:00.037785
1297	2	2	0.687	1	0:00:00.037644
1298	9	9	1.13	1	0:00:00.037913
1299	7	-1	0.0	0	0:00:00.037860
1300	4	3	0.0689	0	0:00:00.037910
1301	1	1	1.55	1	0:00:00.037868
1302	6	2	0.0563	0	0:00:00.038015
1303	4	2	0.0888	0	0:00:00.037976
1304	4	-1	0.0	0	0:00:00.037749
1305	9	9	0.179	1	0:00:00.037547
1306	1	1	0.0234	1	0:00:00.037375
1307	2	0	0.489	0	0:00:00.037684
1308	5	6	0.0496	0	0:00:00.037788
1309	6	6	0.869	1	0:00:00.037715
1310	0	0	0.299	1	0:00:00.037905
1311	8	8	0.924	1	0:00:00.037616
1312	6	6	1.12	1	0:00:00.037694
1313	1	1	0.865	1	0:00:00.037748
1314	9	9	1.08	1	0:00:00.037761
1315	4	-1	0.0	0	0:00:00.037899
1316	5	5	1.16	1	0:00:00.037679
1317	9	9	1.91	1	0:00:00.037603
1318	5	3	0.96	0	0:00:00.037384
1319	0	0	0.167	1	0:00:00.037640
1320	7	2	0.088	0	0:00:00.037531
1321	2	3	0.547	0	0:00:00.037638
1322	0	0	0.0511	1	0:00:00.037848
1323	0	8	0.781	0	0:00:00.037741
1324	4	9	0.00691	0	0:00:00.037788
1325	2	2	0.0432	1	0:00:00.037676
1326	6	6	0.391	1	0:00:00.037812
1327	6	6	1.44	1	0:00:00.037612
1328	5	5	0.137	1	0:00:00.037745
1329	5	7	0.0948	0	0:00:00.037868
1330	2	3	0.134	0	0:00:00.037804
1331	8	8	0.902	1	0:00:00.037615
1332	1	-1	0.0	0	0:00:00.037928
1333	7	0	0.157	0	0:00:00.037818
1334	3	2	0.46	0	0:00:00.037637
1335	1	1	0.512	1	0:00:00.037573
1336	4	4	0.355	1	0:00:00.037576
1337	5	-1	0.0	0	0:00:00.037294
1338	6	6	1.32	1	0:00:00.037601
1339	5	3	0.383	0	0:00:00.037477
1340	1	1	1.05	1	0:00:00.037463
1341	4	-1	0.0	0	0:00:00.037699
1342	7	-1	0.0	0	0:00:00.037652
1343	0	0	1.31	1	0:00:00.037840
1344	9	9	0.303	1	0:00:00.037726
1345	4	2	0.145	0	0:00:00.037798
1346	3	-1	0.0	0	0:00:00.037460
1347	8	8	1.71	1	0:00:00.037589
1348	2	-1	0.0	0	0:00:00.037439
1349	8	8	1.55	1	0:00:00.037595
1350	4	6	0.391	0	0:00:00.037618
1351	7	7	0.117	1	0:00:00.037634
1352	2	-1	0.0	0	0:00:00.037758
1353	3	-1	0.0	0	0:00:00.037614
1354	1	1	1.75	1	0:00:00.037737
1355	5	6	0.116	0	0:00:00.037932
1356	2	-1	0.0	0	0:00:00.037797
1357	9	9	1.15	1	0:00:00.037786
1358	8	8	0.684	1	0:00:00.037963
1359	9	9	0.592	1	0:00:00.037752
1360	7	7	0.652	1	0:00:00.037740
1361	9	9	0.709	1	0:00:00.037816
1362	5	5	0.12	1	0:00:00.038009
1363	1	1	1.55	1	0:00:00.037822
1364	4	4	1.15	1	0:00:00.037567
1365	0	0	1.8	1	0:00:00.037818
1366	8	8	0.864	1	0:00:00.037883
1367	2	2	0.318	1	0:00:00.037571
1368	3	3	0.562	1	0:00:00.037838
1369	8	8	1.04	1	0:00:00.037805
1370	9	9	0.847	1	0:00:00.037861
1371	1	1	0.53	1	0:00:00.037929
1372	1	9	0.102	0	0:00:00.037462
1373	3	5	0.307	0	0:00:00.037640
1374	2	0	0.326	0	0:00:00.037714
1375	4	4	1.11	1	0:00:00.037730
1376	9	1	0.444	0	0:00:00.037634
1377	3	-1	0.0	0	0:00:00.037544
1378	1	-1	0.0	0	0:00:00.037767
1379	7	7	0.16	1	0:00:00.038149
1380	4	5	0.663	0	0:00:00.037858
1381	6	6	0.228	1	0:00:00.037757
1382	2	0	1.56	0	0:00:00.037832
1383	8	-1	0.0	0	0:00:00.037614
1384	9	9	0.434	1	0:00:00.037577
1385	5	5	0.603	1	0:00:00.037844
1386	3	3	0.523	1	0:00:00.037816
1387	9	9	0.84	1	0:00:00.037874
1388	5	-1	0.0	0	0:00:00.037588
1389	5	2	0.00973	0	0:00:00.038034
1390	6	6	1.03	1	0:00:00.037582
1391	7	4	0.0427	0	0:00:00.037536
1392	2	2	0.811	1	0:00:00.037613
1393	4	-1	0.0	0	0:00:00.037802
1394	6	-1	0.0	0	0:00:00.037743
1395	3	-1	0.0	0	0:00:00.037747
1396	1	1	0.263	1	0:00:00.037759
1397	0	0	1.91	1	0:00:00.037732
1398	7	8	0.366	0	0:00:00.038088
1399	2	0	0.369	0	0:00:00.037969
1400	5	3	0.0666	0	0:00:00.037888
1401	4	2	0.508	0	0:00:00.037809
1402	7	7	0.435	1	0:00:00.037725
1403	6	-1	0.0	0	0:00:00.037384
1404	1	1	1.02	1	0:00:00.037812
1405	1	9	0.123	0	0:00:00.037703
1406	9	9	0.679	1	0:00:00.037983
1407	8	8	1.1	1	0:00:00.037685
1408	1	1	1.19	1	0:00:00.037778
1409	0	0	0.353	1	0:00:00.037904
1410	1	1	1.27	1	0:00:00.037813
1411	3	3	0.452	1	0:00:00.037839
1412	1	1	0.274	1	0:00:00.037622
1413	1	1	0.904	1	0:00:00.037688
1414	1	-1	0.0	0	0:00:00.037507
1415	7	7	1.05	1	0:00:00.037503
1416	3	7	0.285	0	0:00:00.037893
1417	9	9	0.362	1	0:00:00.037720
1418	6	2	0.33	0	0:00:00.037510
1419	8	8	1.51	1	0:00:00.037801
1420	4	7	0.457	0	0:00:00.037802
1421	6	6	0.701	1	0:00:00.037863
1422	8	8	0.186	1	0:00:00.037781
1423	4	4	0.603	1	0:00:00.037874
1424	9	9	1.18	1	0:00:00.038019
1425	4	3	0.397	0	0:00:00.037640
1426	7	7	0.856	1	0:00:00.037809
1427	9	9	0.427	1	0:00:00.037794
1428	7	7	0.613	1	0:00:00.037781
1429	6	6	0.0405	1	0:00:00.037911
1430	8	8	0.123	1	0:00:00.037567
1431	4	4	0.816	1	0:00:00.037662
1432	9	9	0.734	1	0:00:00.037650
1433	7	7	0.659	1	0:00:00.038002
1434	0	8	0.0537	0	0:00:00.038188
1435	1	1	0.525	1	0:00:00.038077
1436	6	6	1.11	1	0:00:00.037903
1437	1	-1	0.0	0	0:00:00.037662
1438	5	-1	0.0	0	0:00:00.037777
1439	9	1	0.793	0	0:00:00.037394
1440	0	0	0.167	1	0:00:00.037566
1441	4	4	0.0334	1	0:00:00.037337
1442	3	5	0.343	0	0:00:00.037610
1443	4	6	0.194	0	0:00:00.037917
1444	1	1	1.42	1	0:00:00.037828
1445	3	5	0.237	0	0:00:00.037847
1446	0	0	1.08	1	0:00:00.037860
1447	8	8	1.16	1	0:00:00.037684
1448	4	4	0.639	1	0:00:00.037817
1449	6	6	1.38	1	0:00:00.037688
1450	2	2	0.217	1	0:00:00.038036
1451	2	6	0.277	0	0:00:00.038043
1452	6	6	0.0506	1	0:00:00.037946
1453	5	6	0.124	0	0:00:00.037754
1454	3	3	0.952	1	0:00:00.037770
1455	6	6	0.212	1	0:00:00.038043
1456	2	6	0.0255	0	0:00:00.037749
1457	1	1	1.05	1	0:00:00.037771
1458	1	-1	0.0	0	0:00:00.037755
1459	8	8	0.688	1	0:00:00.037715
1460	6	6	0.388	1	0:00:00.038025
1461	0	0	0.306	1	0:00:00.038171
1462	4	-1	0.0	0	0:00:00.037918
1463	0	9	0.142	0	0:00:00.037876
1464	1	1	0.098	1	0:00:00.037936
1465	9	0	0.315	0	0:00:00.037778
1466	7	7	1.91	1	0:00:00.037705
1467	1	1	0.781	1	0:00:00.037811
1468	3	3	0.0933	1	0:00:00.037657
1469	7	-1	0.0	0	0:00:00.037840
1470	7	0	0.226	0	0:00:00.037909
1471	8	8	0.312	1	0:00:00.037692
1472	7	7	0.33	1	0:00:00.037685
1473	7	7	1.8	1	0:00:00.037553
1474	3	7	0.0992	0	0:00:00.037819
1475	9	9	1.31	1	0:00:00.037660
1476	7	7	1.15	1	0:00:00.037884
1477	7	7	0.848	1	0:00:00.037895
1478	7	7	0.158	1	0:00:00.037577
1479	2	9	0.00678	0	0:00:00.037601
1480	1	1	0.247	1	0:00:00.037926
1481	2	2	1.8	1	0:00:00.037812
1482	8	8	0.493	1	0:00:00.037867
1483	6	6	1.49	1	0:00:00.037590
1484	4	6	0.0873	0	0:00:00.037759
1485	0	2	0.0203	0	0:00:00.037811
1486	7	7	1.12	1	0:00:00.037934
1487	9	1	0.0726	0	0:00:00.037694
1488	8	8	0.418	1	0:00:00.037943
1489	6	6	0.205	1	0:00:00.037764
1490	8	8	0.794	1	0:00:00.037784
1491	4	9	0.206	0	0:00:00.037700
1492	9	-1	0.0	0	0:00:00.037621
1493	1	-1	0.0	0	0:00:00.037668
1494	7	7	0.544	1	0:00:00.037909
1495	2	0	1.42	0	0:00:00.037854
1496	2	2	0.64	1	0:00:00.037598
1497	8	8	1.91	1	0:00:00.037637
1498	5	3	0.161	0	0:00:00.037412
1499	8	8	0.306	1	0:00:00.038023
1500	1	1	0.49	1	0:00:00.037872
1501	2	-1	0.0	0	0:00:00.037565
1502	2	4	0.163	0	0:00:00.037577
1503	4	5	0.0849	0	0:00:00.037576
1504	1	-1	0.0	0	0:00:00.037645
1505	2	-1	0.0	0	0:00:00.037617
1506	5	7	1.01	0	0:00:00.037790
1507	2	9	0.252	0	0:00:00.037807
1508	8	8	0.399	1	0:00:00.037640
1509	1	1	0.799	1	0:00:00.037646
1510	8	4	0.00252	0	0:00:00.037743
1511	1	1	1.66	1	0:00:00.037850
1512	8	8	0.387	1	0:00:00.037793
1513	6	-1	0.0	0	0:00:00.037650
1514	0	-1	0.0	0	0:00:00.037771
1515	2	2	1.24	1	0:00:00.037687
1516	4	-1	0.0	0	0:00:00.037690
1517	1	1	0.812	1	0:00:00.037923
1518	3	3	0.0617	1	0:00:00.037871
1519	6	6	1.42	1	0:00:00.037825
1520	7	7	0.678	1	0:00:00.037917
1521	7	7	0.133	1	0:00:00.038034
1522	4	4	0.602	1	0:00:00.037852
1523	4	4	0.386	1	0:00:00.037811
1524	3	-1	0.0	0	0:00:00.037694
1525	3	8	0.0961	0	0:00:00.037822
1526	4	6	0.0137	0	0:00:00.037897
1527	5	9	0.369	0	0:00:00.037779
1528	2	2	0.824	1	0:00:00.037907
1529	4	-1	0.0	0	0:00:00.037722
1530	3	9	0.236	0	0:00:00.037943
1531	7	-1	0.0	0	0:00:00.037664
1532	8	8	0.00484	1	0:00:00.037913
1533	4	4	0.348	1	0:00:00.037831
1534	4	2	0.387	0	0:00:00.037619
1535	4	4	0.432	1	0:00:00.037606
1536	5	3	0.0372	0	0:00:00.037863
1537	4	7	0.798	0	0:00:00.037959
1538	3	9	0.658	0	0:00:00.037719
1539	2	6	0.445	0	0:00:00.037556
1540	8	8	0.978	1	0:00:00.037408
1541	4	4	0.183	1	0:00:00.037673
1542	5	5	0.499	1	0:00:00.037904
1543	5	-1	0.0	0	0:00:00.037991
1544	4	4	0.275	1	0:00:00.037777
1545	1	1	0.41	1	0:00:00.037745
1546	4	4	0.553	1	0:00:00.037969
1547	2	0	1.2	0	0:00:00.037856
1548	5	3	0.447	0	0:00:00.037616
1549	1	1	0.0243	1	0:00:00.037675
1550	6	6	0.601	1	0:00:00.037907
1551	4	2	0.296	0	0:00:00.037862
1552	3	3	0.044	1	0:00:00.037843
1553	4	4	0.287	1	0:00:00.037668
1554	4	6	0.0163	0	0:00:00.037691
1555	0	0	1.23	1	0:00:00.037995
1556	8	-1	0.0	0	0:00:00.037722
1557	8	8	0.616	1	0:00:00.037897
1558	4	4	0.336	1	0:00:00.037819
1559	5	5	0.411	1	0:00:00.037754
1560	7	7	1.01	1	0:00:00.037848
1561	5	5	1.43	1	0:00:00.037862
1562	6	6	1.1	1	0:00:00.037881
1563	9	9	0.667	1	0:00:00.037723
1564	1	1	0.878	1	0:00:00.037779
1565	6	6	0.444	1	0:00:00.037808
1566	7	7	0.614	1	0:00:00.037895
1567	2	-1	0.0	0	0:00:00.037671
1568	0	0	0.122	1	0:00:00.037706
1569	1	1	1.31	1	0:00:00.037938
1570	4	-1	0.0	0	0:00:00.037974
1571	5	5	0.122	1	0:00:00.038210
1572	6	-1	0.0	0	0:00:00.037898
1573	0	-1	0.0	0	0:00:00.038164
1574	0	-1	0.0	0	0:00:00.037988
1575	2	-1	0.0	0	0:00:00.037710
1576	7	6	0.218	0	0:00:00.039098
1577	5	-1	0.0	0	0:00:00.037749
1578	6	6	0.695	1	0:00:00.037873
1579	0	0	1.91	1	0:00:00.037597
1580	6	1	0.14	0	0:00:00.037702
1581	2	-1	0.0	0	0:00:00.037734
1582	9	9	0.659	1	0:00:00.037615
1583	1	3	0.144	0	0:00:00.037933
1584	7	7	0.339	1	0:00:00.037899
1585	7	7	0.649	1	0:00:00.037884
1586	5	5	1.34	1	0:00:00.037970
1587	2	0	0.635	0	0:00:00.038178
1588	5	-1	0.0	0	0:00:00.037726
1589	6	6	1.51	1	0:00:00.037714
1590	4	0	0.223	0	0:00:00.037835
1591	1	1	1.17	1	0:00:00.037649
1592	4	4	0.394	1	0:00:00.037911
1593	3	5	0.0888	0	0:00:00.037963
1594	3	-1	0.0	0	0:00:00.038049
1595	3	5	0.0017	0	0:00:00.037919
1596	0	2	0.0934	0	0:00:00.038075
1597	3	-1	0.0	0	0:00:00.037656
1598	5	5	0.372	1	0:00:00.037938
1599	5	5	1.05	1	0:00:00.037705
1600	8	-1	0.0	0	0:00:00.037950
1601	9	9	0.358	1	0:00:00.038280
1602	7	3	0.138	0	0:00:00.037894
1603	3	3	0.998	1	0:00:00.037833
1604	1	1	0.666	1	0:00:00.037780
1605	3	2	0.178	0	0:00:00.037907
1606	3	-1	0.0	0	0:00:00.037622
1607	3	5	0.308	0	0:00:00.037843
1608	4	4	0.479	1	0:00:00.037679
1609	4	2	0.00885	0	0:00:00.037766
1610	2	8	0.131	0	0:00:00.038126
1611	3	5	0.0134	0	0:00:00.037868
1612	3	-1	0.0	0	0:00:00.037513
1613	8	1	0.375	0	0:00:00.038020
1614	1	1	1.56	1	0:00:00.037931
1615	7	-1	0.0	0	0:00:00.037790
1616	7	7	0.499	1	0:00:00.037910
1617	0	0	1.8	1	0:00:00.037929
1618	7	-1	0.0	0	0:00:00.037889
1619	4	4	0.629	1	0:00:00.037903
1620	5	-1	0.0	0	0:00:00.037742
1621	1	1	0.756	1	0:00:00.037798
1622	4	2	0.000638	0	0:00:00.037785
1623	2	-1	0.0	0	0:00:00.037597
1624	4	4	0.294	1	0:00:00.037820
1625	3	3	0.0953	1	0:00:00.037788
1626	9	-1	0.0	0	0:00:00.037767
1627	9	9	1.34	1	0:00:00.037720
1628	4	2	0.594	0	0:00:00.037962
1629	9	0	0.315	0	0:00:00.037903
1630	9	9	0.347	1	0:00:00.037961
1631	1	1	1.18	1	0:00:00.037741
1632	8	8	0.218	1	0:00:00.038097
1633	1	8	0.282	0	0:00:00.038044
1634	6	6	0.823	1	0:00:00.037835
1635	7	7	0.998	1	0:00:00.037989
1636	5	5	0.179	1	0:00:00.037812
1637	5	4	0.132	0	0:00:00.037791
1638	4	-1	0.0	0	0:00:00.037631
1639	9	9	0.669	1	0:00:00.037847
1640	7	7	0.639	1	0:00:00.037761
1641	6	6	0.818	1	0:00:00.037890
1642	5	6	0.0455	0	0:00:00.037923
1643	9	9	0.0278	1	0:00:00.037768
1644	2	-1	0.0	0	0:00:00.037587
1645	4	4	0.47	1	0:00:00.037839
1646	0	0	1.8	1	0:00:00.037853
1647	7	7	1.31	1	0:00:00.037921
1648	8	9	0.306	0	0:00:00.037671
1649	5	-1	0.0	0	0:00:00.037900
1650	5	5	1.91	1	0:00:00.037987
1651	0	0	1.14	1	0:00:00.037923
1652	0	0	0.964	1	0:00:00.037973
1653	9	1	0.381	0	0:00:00.037991
1654	9	9	1.14	1	0:00:00.037651
1655	8	8	0.732	1	0:00:00.037698
1656	2	2	0.492	1	0:00:00.037668
1657	5	5	0.928	1	0:00:00.037664
1658	4	4	0.567	1	0:00:00.037995
1659	8	8	1.37	1	0:00:00.037965
1660	3	-1	0.0	0	0:00:00.037964
1661	6	6	0.505	1	0:00:00.038037
1662	3	-1	0.0	0	0:00:00.037614
1663	6	6	0.282	1	0:00:00.037475
1664	0	0	1.91	1	0:00:00.037592
1665	6	6	0.958	1	0:00:00.037921
1666	6	6	0.392	1	0:00:00.037819
1667	6	6	0.353	1	0:00:00.037724
1668	9	1	0.768	0	0:00:00.037735
1669	6	6	0.522	1	0:00:00.037509
1670	6	4	0.441	0	0:00:00.037530
1671	8	8	1.68	1	0:00:00.037500
1672	6	6	0.215	1	0:00:00.037708
1673	2	6	0.313	0	0:00:00.037730
1674	4	4	0.16	1	0:00:00.037895
1675	5	-1	0.0	0	0:00:00.037511
1676	8	8	1.28	1	0:00:00.037929
1677	1	1	1.64	1	0:00:00.038049
1678	2	-1	0.0	0	0:00:00.037756
1679	7	7	1.31	1	0:00:00.037894
1680	6	6	1.35	1	0:00:00.038028
1681	5	6	0.371	0	0:00:00.037860
1682	7	7	1.04	1	0:00:00.037821
1683	8	0	0.461	0	0:00:00.037737
1684	1	9	0.281	0	0:00:00.037699
1685	8	2	0.11	0	0:00:00.037903
1686	0	8	0.0546	0	0:00:00.037802
1687	8	8	0.141	1	0:00:00.037801
1688	6	6	0.396	1	0:00:00.037544
1689	9	7	0.473	0	0:00:00.037679
1690	2	0	0.0409	0	0:00:00.038105
1691	8	8	0.529	1	0:00:00.038039
1692	9	9	0.801	1	0:00:00.037906
1693	4	8	0.435	0	0:00:00.037894
1694	0	0	1.75	1	0:00:00.037853
1695	9	9	0.824	1	0:00:00.037838
1696	4	4	0.22	1	0:00:00.037446
1697	9	9	0.242	1	0:00:00.037719
1698	5	-1	0.0	0	0:00:00.037723
1699	7	7	0.624	1	0:00:00.037683
1700	5	5	0.0531	1	0:00:00.037784
1701	5	-1	0.0	0	0:00:00.037751
1702	9	9	0.0705	1	0:00:00.038025
1703	5	5	1.03	1	0:00:00.037879
1704	3	9	0.0204	0	0:00:00.037928
1705	0	0	1.71	1	0:00:00.037843
1706	1	1	1.44	1	0:00:00.037612
1707	9	9	0.705	1	0:00:00.037838
1708	7	1	0.046	0	0:00:00.037562
1709	2	2	0.0996	1	0:00:00.037501
1710	4	4	0.189	1	0:00:00.037677
1711	1	1	1.4	1	0:00:00.037625
1712	0	0	1.68	1	0:00:00.037421
1713	8	1	1.91	0	0:00:00.037546
1714	0	0	1.03	1	0:00:00.037695
1715	3	-1	0.0	0	0:00:00.037755
1716	1	1	0.202	1	0:00:00.037513
1717	7	7	0.714	1	0:00:00.037445
1718	0	8	0.794	0	0:00:00.037827
1719	0	0	1.38	1	0:00:00.038029
1720	4	4	0.206	1	0:00:00.037843
1721	8	8	0.347	1	0:00:00.037684
1722	6	6	1.36	1	0:00:00.037772
1723	2	7	0.456	0	0:00:00.037843
1724	4	-1	0.0	0	0:00:00.037381
1725	0	0	1.75	1	0:00:00.037696
1726	0	0	1.75	1	0:00:00.037688
1727	9	1	0.188	0	0:00:00.037826
1728	0	0	0.00383	1	0:00:00.038020
1729	8	8	1.91	1	0:00:00.037991
1730	4	-1	0.0	0	0:00:00.037623
1731	5	6	0.806	0	0:00:00.037427
1732	9	1	0.723	0	0:00:00.037790
1733	3	3	0.536	1	0:00:00.037482
1734	9	9	0.635	1	0:00:00.039181
1735	0	-1	0.0	0	0:00:00.044721
1736	5	6	0.398	0	0:00:00.044776
1737	6	-1	0.0	0	0:00:00.044684
1738	5	3	0.303	0	0:00:00.044716
1739	0	-1	0.0	0	0:00:00.043968
1740	1	9	0.147	0	0:00:00.043989
1741	4	-1	0.0	0	0:00:00.043776
1742	8	8	1.34	1	0:00:00.044297
1743	1	1	1.8	1	0:00:00.044018
1744	0	0	1.42	1	0:00:00.044329
1745	5	5	0.82	1	0:00:00.044028
1746	2	-1	0.0	0	0:00:00.044326
1747	1	-1	0.0	0	0:00:00.044435
1748	0	0	1.19	1	0:00:00.044372
1749	2	2	0.371	1	0:00:00.044384
1750	8	8	0.509	1	0:00:00.044227
1751	1	1	0.523	1	0:00:00.044291
1752	5	5	0.152	1	0:00:00.044331
1753	6	6	0.679	1	0:00:00.044534
1754	7	7	1.61	1	0:00:00.044407
1755	7	7	0.25	1	0:00:00.044389
1756	2	7	0.28	0	0:00:00.044672
1757	6	6	0.595	1	0:00:00.044799
1758	2	2	1.36	1	0:00:00.044188
1759	5	5	0.594	1	0:00:00.044518
1760	0	0	0.694	1	0:00:00.044376
1761	1	1	0.912	1	0:00:00.044107
1762	4	6	0.061	0	0:00:00.044348
1763	2	0	0.371	0	0:00:00.044386
1764	5	-1	0.0	0	0:00:00.044270
1765	4	6	0.183	0	0:00:00.044238
1766	6	4	0.00584	0	0:00:00.044057
1767	2	4	0.209	0	0:00:00.044308
1768	2	2	0.318	1	0:00:00.046177
1769	1	1	0.161	1	0:00:00.044241
1770	7	7	0.659	1	0:00:00.039618
1771	2	4	0.00158	0	0:00:00.037979
1772	8	0	0.349	0	0:00:00.037742
1773	5	-1	0.0	0	0:00:00.037647
1774	5	5	0.288	1	0:00:00.037662
1775	3	-1	0.0	0	0:00:00.037592
1776	0	0	1.91	1	0:00:00.037371
1777	4	-1	0.0	0	0:00:00.037419
1778	8	8	0.458	1	0:00:00.037717
1779	3	5	0.477	0	0:00:00.037491
1780	7	7	0.0142	1	0:00:00.037677
1781	6	6	1.25	1	0:00:00.042267
1782	3	3	0.694	1	0:00:00.044822
1783	8	8	0.494	1	0:00:00.042200
1784	1	1	1.38	1	0:00:00.037695
1785	0	0	0.123	1	0:00:00.037663
1786	1	9	0.619	0	0:00:00.037621
1787	3	0	0.78	0	0:00:00.037590
1788	3	-1	0.0	0	0:00:00.037524
1789	0	-1	0.0	0	0:00:00.037581
1790	7	5	0.496	0	0:00:00.037727
1791	4	6	0.179	0	0:00:00.037883
1792	9	9	1.91	1	0:00:00.037968
1793	5	5	1.33	1	0:00:00.037989
1794	3	-1	0.0	0	0:00:00.037776
1795	6	6	0.183	1	0:00:00.037890
1796	0	0	0.678	1	0:00:00.037794
1797	1	1	1.37	1	0:00:00.037863
1798	4	-1	0.0	0	0:00:00.037642
1799	4	0	0.189	0	0:00:00.037522
1800	4	4	0.202	1	0:00:00.037831
1801	4	4	1.09	1	0:00:00.037965
1802	2	-1	0.0	0	0:00:00.037875
1803	2	4	0.555	0	0:00:00.037593
1804	5	5	0.131	1	0:00:00.037485
1805	8	8	0.435	1	0:00:00.037862
1806	1	1	0.294	1	0:00:00.037774
1807	5	-1	0.0	0	0:00:00.037708
1808	9	1	0.642	0	0:00:00.037887
1809	8	8	0.58	1	0:00:00.037967
1810	1	1	0.535	1	0:00:00.037774
1811	1	1	0.393	1	0:00:00.037639
1812	5	7	0.279	0	0:00:00.037926
1813	3	-1	0.0	0	0:00:00.037528
1814	9	9	0.423	1	0:00:00.037685
1815	9	1	0.144	0	0:00:00.037807
1816	7	2	0.0211	0	0:00:00.037790
1817	6	6	0.642	1	0:00:00.037577
1818	5	5	0.91	1	0:00:00.037728
1819	0	0	1.8	1	0:00:00.037743
1820	8	1	0.143	0	0:00:00.037805
1821	4	4	0.202	1	0:00:00.037702
1822	7	9	0.0378	0	0:00:00.038069
1823	0	9	0.222	0	0:00:00.037915
1824	9	9	0.827	1	0:00:00.037878
1825	2	2	1.07	1	0:00:00.037837
1826	8	8	1.15	1	0:00:00.037648
1827	4	4	0.882	1	0:00:00.037755
1828	7	7	0.162	1	0:00:00.037974
1829	1	-1	0.0	0	0:00:00.037499
1830	3	-1	0.0	0	0:00:00.037477
1831	9	9	0.024	1	0:00:00.037758
1832	6	-1	0.0	0	0:00:00.037560
1833	8	8	1.48	1	0:00:00.038023
1834	9	-1	0.0	0	0:00:00.037494
1835	0	4	0.28	0	0:00:00.037724
1836	4	-1	0.0	0	0:00:00.037589
1837	9	6	0.0968	0	0:00:00.037830
1838	6	-1	0.0	0	0:00:00.037694
1839	7	7	1.91	1	0:00:00.037692
1840	8	-1	0.0	0	0:00:00.037561
1841	9	1	0.132	0	0:00:00.037790
1842	4	4	0.183	1	0:00:00.037439
1843	8	8	1.11	1	0:00:00.037753
1844	9	9	0.324	1	0:00:00.037767
1845	7	7	0.443	1	0:00:00.037678
1846	2	2	0.225	1	0:00:00.037824
1847	5	5	1.16	1	0:00:00.037754
1848	3	3	0.406	1	0:00:00.037566
1849	7	7	1.39	1	0:00:00.037885
1850	1	3	0.468	0	0:00:00.037911
1851	0	0	1.18	1	0:00:00.037619
1852	2	8	0.366	0	0:00:00.037753
1853	9	9	0.626	1	0:00:00.037786
1854	5	3	0.386	0	0:00:00.037961
1855	5	5	0.47	1	0:00:00.037823
1856	8	8	0.875	1	0:00:00.037869
1857	5	5	0.824	1	0:00:00.037660
1858	4	4	0.122	1	0:00:00.037531
1859	2	-1	0.0	0	0:00:00.037691
1860	8	8	0.68	1	0:00:00.037827
1861	3	1	0.0384	0	0:00:00.037772
1862	5	6	0.322	0	0:00:00.037770
1863	5	-1	0.0	0	0:00:00.037833
1864	7	7	1.91	1	0:00:00.037659
1865	7	0	0.00177	0	0:00:00.037956
1866	8	8	1.68	1	0:00:00.037756
1867	6	6	0.533	1	0:00:00.037638
1868	2	7	0.785	0	0:00:00.037788
1869	8	8	1.0	1	0:00:00.037680
1870	2	2	0.704	1	0:00:00.037774
1871	3	3	0.244	1	0:00:00.037617
1872	5	8	0.13	0	0:00:00.037674
1873	6	6	0.587	1	0:00:00.038277
1874	8	8	0.562	1	0:00:00.037919
1875	0	0	1.75	1	0:00:00.038084
1876	2	7	0.625	0	0:00:00.037947
1877	3	3	0.424	1	0:00:00.037917
1878	7	7	0.72	1	0:00:00.038022
1879	0	0	0.264	1	0:00:00.038078
1880	1	1	0.832	1	0:00:00.037805
1881	9	9	1.14	1	0:00:00.038101
1882	1	1	0.38	1	0:00:00.038044
1883	3	6	0.236	0	0:00:00.037907
1884	7	2	0.454	0	0:00:00.037783
1885	5	5	0.898	1	0:00:00.037906
1886	8	8	0.159	1	0:00:00.038078
1887	3	-1	0.0	0	0:00:00.037947
