idx	label	predict	radius	correct	time
888	0	8	0.0201	0	0:00:00.676830
889	4	6	0.0167	0	0:00:00.674151
890	4	-1	0.0	0	0:00:00.673928
891	6	6	0.646	1	0:00:00.675323
892	7	7	0.959	1	0:00:00.675390
893	6	3	0.156	0	0:00:00.674135
894	1	1	1.33	1	0:00:00.675184
895	1	1	1.49	1	0:00:00.674520
896	3	3	0.749	1	0:00:00.674138
897	7	7	0.499	1	0:00:00.675189
898	3	3	0.0527	1	0:00:00.674227
899	5	5	1.25	1	0:00:00.674110
900	2	-1	0.0	0	0:00:00.674158
901	6	6	1.02	1	0:00:00.674044
902	6	6	0.63	1	0:00:00.674683
903	5	5	0.369	1	0:00:00.675156
904	8	8	0.585	1	0:00:00.674621
905	7	-1	0.0	0	0:00:00.675529
906	1	1	0.227	1	0:00:00.677620
907	6	6	0.371	1	0:00:00.676647
908	8	8	0.932	1	0:00:00.677673
909	8	8	1.2	1	0:00:00.680126
910	5	-1	0.0	0	0:00:00.678739
911	3	3	1.26	1	0:00:00.678957
912	0	0	0.157	1	0:00:00.683266
913	4	4	0.702	1	0:00:00.682566
914	0	-1	0.0	0	0:00:00.685460
915	1	1	0.95	1	0:00:00.682723
916	3	-1	0.0	0	0:00:00.688087
917	8	8	1.1	1	0:00:00.682218
918	8	8	0.791	1	0:00:00.684934
919	0	4	0.188	0	0:00:00.689797
920	6	-1	0.0	0	0:00:00.682191
921	9	9	1.64	1	0:00:00.691000
922	9	9	0.802	1	0:00:00.687483
923	9	9	0.0894	1	0:00:00.687366
924	5	-1	0.0	0	0:00:00.692325
925	5	3	1.35	0	0:00:00.689021
926	8	8	1.1	1	0:00:00.695196
927	6	-1	0.0	0	0:00:00.687640
928	0	0	0.429	1	0:00:00.693272
929	0	8	0.437	0	0:00:00.692793
930	4	4	0.709	1	0:00:00.692482
931	2	2	1.14	1	0:00:00.691530
932	3	-1	0.0	0	0:00:00.695230
933	2	3	0.402	0	0:00:00.696274
934	7	7	1.91	1	0:00:00.687713
935	2	2	1.59	1	0:00:00.694375
936	2	2	0.208	1	0:00:00.695689
937	5	5	0.644	1	0:00:00.692462
938	9	-1	0.0	0	0:00:00.695462
939	8	8	1.25	1	0:00:00.693810
940	9	9	1.55	1	0:00:00.695758
941	1	9	0.473	0	0:00:00.693905
942	7	7	0.715	1	0:00:00.696017
943	4	2	0.012	0	0:00:00.693118
944	0	0	0.853	1	0:00:00.693367
945	3	-1	0.0	0	0:00:00.698091
946	0	0	1.61	1	0:00:00.690689
947	1	1	0.532	1	0:00:00.697582
948	3	-1	0.0	0	0:00:00.692512
949	8	8	1.32	1	0:00:00.696955
950	3	-1	0.0	0	0:00:00.694639
951	9	9	1.42	1	0:00:00.691718
952	6	6	0.344	1	0:00:00.698110
953	1	9	0.14	0	0:00:00.694684
954	4	4	0.295	1	0:00:00.695855
955	7	7	1.75	1	0:00:00.696464
956	0	0	0.205	1	0:00:00.694615
957	3	3	0.0998	1	0:00:00.696275
958	7	7	0.718	1	0:00:00.692487
959	8	8	1.12	1	0:00:00.694898
960	9	-1	0.0	0	0:00:00.697317
961	1	1	0.0658	1	0:00:00.688335
962	1	1	0.752	1	0:00:00.693101
963	6	6	0.672	1	0:00:00.698600
964	6	3	0.0475	0	0:00:00.699309
965	6	2	0.0318	0	0:00:00.697495
966	6	-1	0.0	0	0:00:00.696192
967	9	9	0.724	1	0:00:00.697029
968	1	1	1.11	1	0:00:00.700711
969	9	9	0.469	1	0:00:00.693806
970	9	9	1.11	1	0:00:00.699028
971	4	4	0.365	1	0:00:00.703937
972	2	2	0.411	1	0:00:00.692145
973	1	1	0.871	1	0:00:00.697817
974	7	2	0.71	0	0:00:00.700669
975	0	0	1.53	1	0:00:00.696200
976	6	6	0.484	1	0:00:00.701549
977	8	8	1.02	1	0:00:00.701511
978	1	1	0.404	1	0:00:00.696627
979	9	9	0.478	1	0:00:00.700946
980	2	6	0.126	0	0:00:00.694880
981	9	9	0.527	1	0:00:00.702562
982	0	2	0.327	0	0:00:00.696836
983	4	4	0.297	1	0:00:00.704501
984	7	7	0.665	1	0:00:00.699390
985	8	8	1.91	1	0:00:00.700532
986	3	3	0.397	1	0:00:00.695495
987	1	1	0.793	1	0:00:00.700488
988	2	2	0.473	1	0:00:00.696385
989	0	0	0.302	1	0:00:00.699831
990	1	1	0.769	1	0:00:00.698010
991	5	5	0.17	1	0:00:00.696351
992	8	0	0.131	0	0:00:00.700486
993	4	-1	0.0	0	0:00:00.699245
994	6	6	0.485	1	0:00:00.698265
995	3	-1	0.0	0	0:00:00.702614
996	8	8	0.232	1	0:00:00.698592
997	1	1	0.361	1	0:00:00.693041
998	3	3	0.849	1	0:00:00.699359
999	8	8	1.1	1	0:00:00.698650
1000	5	5	0.871	1	0:00:00.698107
1001	0	8	0.0866	0	0:00:00.700227
1002	8	-1	0.0	0	0:00:00.699032
1003	4	4	0.336	1	0:00:00.699664
1004	8	8	0.549	1	0:00:00.700030
1005	1	1	0.82	1	0:00:00.701092
1006	1	1	0.832	1	0:00:00.696675
1007	8	8	0.3	1	0:00:00.698648
1008	9	-1	0.0	0	0:00:00.697926
1009	6	-1	0.0	0	0:00:00.698085
1010	0	0	1.53	1	0:00:00.698827
1011	8	8	0.829	1	0:00:00.702781
1012	6	6	0.518	1	0:00:00.694702
1013	1	1	1.91	1	0:00:00.701025
1014	3	-1	0.0	0	0:00:00.698378
1015	4	4	0.568	1	0:00:00.698308
1016	1	1	0.369	1	0:00:00.698370
1017	6	6	0.787	1	0:00:00.704433
1018	0	0	1.08	1	0:00:00.701381
1019	5	3	0.58	0	0:00:00.700638
1020	1	1	1.38	1	0:00:00.699237
1021	1	0	0.306	0	0:00:00.698183
1022	0	0	1.21	1	0:00:00.704065
1023	0	0	0.599	1	0:00:00.697238
1024	3	5	0.302	0	0:00:00.703046
1025	5	5	0.415	1	0:00:00.696769
1026	0	0	0.4	1	0:00:00.700049
1027	0	-1	0.0	0	0:00:00.702009
1028	6	6	0.349	1	0:00:00.697408
1029	6	6	1.01	1	0:00:00.697365
1030	3	3	0.826	1	0:00:00.705178
1031	3	3	1.15	1	0:00:00.696600
1032	6	-1	0.0	0	0:00:00.705111
1033	3	3	0.833	1	0:00:00.698727
1034	6	3	0.201	0	0:00:00.699599
1035	6	-1	0.0	0	0:00:00.704086
1036	0	-1	0.0	0	0:00:00.699993
1037	7	7	1.36	1	0:00:00.702904
1038	2	2	1.14	1	0:00:00.699214
1039	2	4	0.334	0	0:00:00.704936
1040	7	7	0.0998	1	0:00:00.697175
1041	5	5	0.394	1	0:00:00.704587
1042	5	2	0.0573	0	0:00:00.698881
1043	2	2	0.358	1	0:00:00.699657
1044	8	8	0.684	1	0:00:00.701659
1045	5	3	0.165	0	0:00:00.700665
1046	2	2	0.566	1	0:00:00.699295
1047	1	-1	0.0	0	0:00:00.701797
1048	1	1	0.59	1	0:00:00.703408
1049	4	5	0.0729	0	0:00:00.700908
1050	3	3	0.387	1	0:00:00.699754
1051	2	2	0.156	1	0:00:00.703542
1052	0	0	1.1	1	0:00:00.700669
1053	3	3	0.348	1	0:00:00.703085
1054	1	1	0.521	1	0:00:00.700081
1055	5	5	1.33	1	0:00:00.704834
1056	3	5	0.651	0	0:00:00.700753
1057	7	5	0.716	0	0:00:00.704729
1058	6	6	0.324	1	0:00:00.699239
1059	8	8	0.886	1	0:00:00.703402
1060	9	9	1.71	1	0:00:00.700863
1061	1	1	0.193	1	0:00:00.700474
1062	6	6	0.543	1	0:00:00.699632
1063	4	4	0.678	1	0:00:00.704069
1064	9	3	0.0795	0	0:00:00.695958
1065	3	9	0.125	0	0:00:00.702988
1066	9	1	1.2	0	0:00:00.701064
1067	0	0	1.91	1	0:00:00.701823
1068	9	9	0.851	1	0:00:00.705698
1069	6	6	1.59	1	0:00:00.700342
1070	3	3	0.479	1	0:00:00.706932
1071	6	6	1.34	1	0:00:00.700890
1072	0	8	0.676	0	0:00:00.704690
1073	7	7	1.55	1	0:00:00.704729
1074	3	3	0.796	1	0:00:00.699058
1075	8	8	0.486	1	0:00:00.703601
1076	0	-1	0.0	0	0:00:00.704771
1077	0	0	1.48	1	0:00:00.700676
1078	0	0	1.38	1	0:00:00.701783
1079	6	6	1.31	1	0:00:00.701360
1080	6	6	0.506	1	0:00:00.710141
1081	6	6	0.762	1	0:00:00.702191
1082	9	9	0.139	1	0:00:00.706140
1083	2	-1	0.0	0	0:00:00.698794
1084	5	5	0.146	1	0:00:00.706152
1085	4	4	1.33	1	0:00:00.699799
1086	4	4	0.315	1	0:00:00.710213
1087	6	6	0.192	1	0:00:00.701060
1088	3	3	0.624	1	0:00:00.701454
1089	6	6	0.545	1	0:00:00.706867
1090	0	0	0.804	1	0:00:00.698181
1091	8	8	1.11	1	0:00:00.704836
1092	6	6	0.0912	1	0:00:00.700524
1093	0	4	0.0858	0	0:00:00.704882
1094	6	-1	0.0	0	0:00:00.705365
1095	2	2	0.558	1	0:00:00.702102
1096	7	7	1.59	1	0:00:00.700303
1097	5	5	0.836	1	0:00:00.706466
1098	1	1	0.706	1	0:00:00.704425
1099	2	2	0.424	1	0:00:00.697604
1100	7	-1	0.0	0	0:00:00.706062
1101	8	8	1.23	1	0:00:00.703952
1102	8	8	0.539	1	0:00:00.704423
1103	0	0	1.5	1	0:00:00.700880
1104	9	9	0.917	1	0:00:00.708040
1105	4	3	0.594	0	0:00:00.706543
1106	9	9	1.53	1	0:00:00.698359
1107	7	7	1.34	1	0:00:00.705566
1108	2	2	0.61	1	0:00:00.699931
1109	0	8	0.0404	0	0:00:00.702847
1110	2	2	1.91	1	0:00:00.714444
1111	8	8	0.629	1	0:00:00.707153
1112	3	3	0.815	1	0:00:00.697167
1113	8	8	1.36	1	0:00:00.703620
1114	9	9	0.809	1	0:00:00.702954
1115	1	1	0.6	1	0:00:00.701984
1116	5	5	0.0225	1	0:00:00.705730
1117	5	5	0.695	1	0:00:00.706490
1118	4	4	0.243	1	0:00:00.700542
1119	7	7	1.36	1	0:00:00.705321
1120	5	2	0.0865	0	0:00:00.697678
1121	3	3	0.689	1	0:00:00.705507
1122	8	-1	0.0	0	0:00:00.702897
1123	3	3	0.244	1	0:00:00.710654
1124	3	2	0.202	0	0:00:00.705226
1125	6	6	1.19	1	0:00:00.701448
1126	2	0	0.99	0	0:00:00.706291
1127	8	8	1.3	1	0:00:00.703049
1128	4	-1	0.0	0	0:00:00.706932
1129	3	-1	0.0	0	0:00:00.700906
1130	7	9	0.0193	0	0:00:00.711647
1131	1	9	0.0361	0	0:00:00.706758
1132	2	6	0.302	0	0:00:00.700957
1133	4	-1	0.0	0	0:00:00.708838
1134	1	9	0.43	0	0:00:00.703951
1135	6	6	0.64	1	0:00:00.700937
1136	9	9	0.252	1	0:00:00.706491
1137	0	9	0.342	0	0:00:00.705017
1138	5	-1	0.0	0	0:00:00.700091
1139	8	8	1.71	1	0:00:00.704074
1140	6	6	0.548	1	0:00:00.698460
1141	1	1	0.927	1	0:00:00.707963
1142	8	8	0.549	1	0:00:00.705792
1143	6	6	1.71	1	0:00:00.699217
1144	1	1	0.272	1	0:00:00.707231
1145	4	4	0.0277	1	0:00:00.706602
1146	2	2	0.277	1	0:00:00.707869
1147	6	-1	0.0	0	0:00:00.706992
1148	2	2	0.566	1	0:00:00.698902
1149	7	-1	0.0	0	0:00:00.706837
1150	2	7	0.394	0	0:00:00.704411
1151	2	2	0.0938	1	0:00:00.705947
1152	0	0	0.418	1	0:00:00.711104
1153	8	8	0.235	1	0:00:00.700109
1154	6	6	0.255	1	0:00:00.700219
1155	9	9	0.625	1	0:00:00.707569
1156	1	1	0.0224	1	0:00:00.703613
1157	7	7	0.736	1	0:00:00.706471
1158	1	1	0.442	1	0:00:00.701677
1159	8	8	0.415	1	0:00:00.710425
1160	8	8	0.164	1	0:00:00.701668
1161	0	0	0.77	1	0:00:00.707991
1162	7	7	1.34	1	0:00:00.700787
1163	3	7	0.254	0	0:00:00.702738
1164	8	8	0.433	1	0:00:00.708021
1165	0	0	1.21	1	0:00:00.703154
1166	3	-1	0.0	0	0:00:00.707710
1167	4	2	0.714	0	0:00:00.704669
1168	3	3	0.257	1	0:00:00.700141
1169	7	7	0.863	1	0:00:00.706772
1170	7	7	1.1	1	0:00:00.712025
1171	9	9	1.03	1	0:00:00.703264
1172	2	2	0.429	1	0:00:00.705726
1173	3	3	0.625	1	0:00:00.702575
1174	1	1	1.71	1	0:00:00.706797
1175	9	9	1.47	1	0:00:00.699558
1176	1	1	0.662	1	0:00:00.707147
1177	9	-1	0.0	0	0:00:00.709833
1178	6	2	0.798	0	0:00:00.709137
1179	3	3	0.647	1	0:00:00.703972
1180	3	3	0.664	1	0:00:00.711119
1181	3	-1	0.0	0	0:00:00.704211
1182	1	1	0.325	1	0:00:00.708178
1183	0	0	0.868	1	0:00:00.705130
1184	6	6	0.835	1	0:00:00.711850
1185	1	1	0.135	1	0:00:00.706279
1186	4	4	0.819	1	0:00:00.707777
1187	1	1	0.586	1	0:00:00.703333
1188	0	0	0.713	1	0:00:00.710997
1189	0	0	0.668	1	0:00:00.702422
1190	1	1	0.96	1	0:00:00.707829
1191	1	1	0.345	1	0:00:00.714947
1192	6	6	0.263	1	0:00:00.703726
1193	5	5	0.308	1	0:00:00.711120
1194	4	4	1.13	1	0:00:00.703901
1195	6	6	1.24	1	0:00:00.707647
1196	2	2	0.747	1	0:00:00.707078
1197	0	0	0.0518	1	0:00:00.707457
1198	7	7	1.51	1	0:00:00.706738
1199	9	-1	0.0	0	0:00:00.708105
1200	8	8	0.652	1	0:00:00.707134
1201	7	7	0.753	1	0:00:00.698668
1202	2	2	1.21	1	0:00:00.709580
1203	0	0	0.458	1	0:00:00.708436
1204	6	6	0.877	1	0:00:00.699014
1205	8	8	0.634	1	0:00:00.707456
1206	1	1	1.8	1	0:00:00.705721
1207	4	-1	0.0	0	0:00:00.709094
1208	3	-1	0.0	0	0:00:00.707628
1209	7	7	0.54	1	0:00:00.706400
1210	0	0	1.3	1	0:00:00.705418
1211	6	-1	0.0	0	0:00:00.705274
1212	1	1	1.07	1	0:00:00.703728
1213	8	8	1.25	1	0:00:00.706038
1214	5	5	1.38	1	0:00:00.707719
1215	7	7	1.63	1	0:00:00.703775
1216	8	8	0.506	1	0:00:00.706920
1217	4	4	0.592	1	0:00:00.710007
1218	8	8	0.35	1	0:00:00.701618
1219	3	5	0.22	0	0:00:00.705339
1220	9	3	0.291	0	0:00:00.703096
1221	9	9	0.164	1	0:00:00.708091
1222	9	9	0.0893	1	0:00:00.707263
1223	8	0	1.48	0	0:00:00.702345
1224	7	4	0.0823	0	0:00:00.708143
1225	6	6	0.756	1	0:00:00.706982
1226	6	6	0.517	1	0:00:00.704207
1227	3	3	0.557	1	0:00:00.710534
1228	5	-1	0.0	0	0:00:00.700594
1229	1	1	1.21	1	0:00:00.706908
1230	5	5	0.32	1	0:00:00.714621
1231	9	9	1.34	1	0:00:00.701735
1232	1	1	0.524	1	0:00:00.705952
1233	4	4	0.921	1	0:00:00.710648
1234	1	1	1.23	1	0:00:00.699013
1235	5	5	0.328	1	0:00:00.708234
1236	7	-1	0.0	0	0:00:00.714750
1237	0	0	0.957	1	0:00:00.703411
1238	1	1	1.61	1	0:00:00.711008
1239	5	3	0.336	0	0:00:00.699926
1240	2	2	0.0416	1	0:00:00.707855
1241	0	0	0.00108	1	0:00:00.704745
1242	8	9	0.0934	0	0:00:00.705462
1243	8	8	1.55	1	0:00:00.710546
1244	5	5	0.223	1	0:00:00.702549
1245	6	3	0.486	0	0:00:00.707636
1246	7	-1	0.0	0	0:00:00.701963
1247	3	5	0.0797	0	0:00:00.711184
1248	2	4	0.298	0	0:00:00.706687
1249	4	4	0.102	1	0:00:00.704524
1250	7	7	1.25	1	0:00:00.704474
1251	2	-1	0.0	0	0:00:00.713023
1252	5	5	1.07	1	0:00:00.705983
1253	8	8	0.776	1	0:00:00.710760
1254	2	2	1.02	1	0:00:00.704571
1255	4	4	0.636	1	0:00:00.709653
1256	9	8	0.766	0	0:00:00.708716
1257	2	-1	0.0	0	0:00:00.704929
1258	1	1	0.183	1	0:00:00.711923
1259	8	8	1.16	1	0:00:00.707783
1260	1	9	0.422	0	0:00:00.706977
1261	9	-1	0.0	0	0:00:00.708171
1262	8	8	1.29	1	0:00:00.709844
1263	8	0	0.12	0	0:00:00.707068
1264	8	8	0.698	1	0:00:00.710848
1265	9	1	0.852	0	0:00:00.701950
1266	0	8	0.139	0	0:00:00.712851
1267	4	4	0.815	1	0:00:00.706100
1268	3	2	0.0837	0	0:00:00.708754
1269	3	3	1.34	1	0:00:00.709474
1270	1	1	0.146	1	0:00:00.702752
1271	8	8	1.54	1	0:00:00.712656
1272	4	7	1.01	0	0:00:00.707374
1273	6	6	0.274	1	0:00:00.700378
1274	3	-1	0.0	0	0:00:00.710268
1275	3	3	0.648	1	0:00:00.704635
1276	5	1	0.00352	0	0:00:00.703725
1277	2	-1	0.0	0	0:00:00.702001
1278	2	2	0.199	1	0:00:00.709324
1279	8	8	0.194	1	0:00:00.707702
1280	3	5	0.169	0	0:00:00.702319
1281	8	8	1.34	1	0:00:00.703736
1282	9	9	0.521	1	0:00:00.709645
1283	5	5	0.48	1	0:00:00.707129
1284	8	5	0.41	0	0:00:00.707346
1285	9	9	0.0695	1	0:00:00.703954
1286	8	0	0.0727	0	0:00:00.711690
1287	9	9	0.0162	1	0:00:00.703591
1288	1	1	1.54	1	0:00:00.704793
1289	6	6	0.466	1	0:00:00.709730
1290	5	5	1.18	1	0:00:00.707252
1291	9	9	0.888	1	0:00:00.700774
1292	4	4	0.304	1	0:00:00.710243
1293	4	4	0.335	1	0:00:00.709475
1294	8	8	0.392	1	0:00:00.701836
1295	0	0	1.23	1	0:00:00.713331
1296	7	7	0.548	1	0:00:00.708377
1297	2	-1	0.0	0	0:00:00.698590
1298	9	9	1.75	1	0:00:00.706548
1299	7	9	0.122	0	0:00:00.711183
1300	4	3	0.438	0	0:00:00.704901
1301	1	1	1.75	1	0:00:00.702746
1302	6	5	0.432	0	0:00:00.709358
1303	4	-1	0.0	0	0:00:00.706821
1304	4	-1	0.0	0	0:00:00.706918
1305	9	9	0.237	1	0:00:00.706707
1306	1	8	0.0734	0	0:00:00.700872
1307	2	0	1.8	0	0:00:00.707677
1308	5	4	0.147	0	0:00:00.704833
1309	6	6	0.383	1	0:00:00.715305
1310	0	0	1.91	1	0:00:00.705472
1311	8	8	1.16	1	0:00:00.705834
1312	6	6	0.582	1	0:00:00.705294
1313	1	1	1.11	1	0:00:00.704061
1314	9	9	1.71	1	0:00:00.714460
1315	4	2	0.242	0	0:00:00.705226
1316	5	5	1.71	1	0:00:00.706574
1317	9	9	1.91	1	0:00:00.710243
1318	5	5	0.952	1	0:00:00.700533
1319	0	0	1.11	1	0:00:00.707536
1320	7	-1	0.0	0	0:00:00.703643
1321	2	2	0.179	1	0:00:00.707183
1322	0	0	0.403	1	0:00:00.711458
1323	0	8	0.268	0	0:00:00.704313
1324	4	4	0.774	1	0:00:00.712037
1325	2	4	0.0086	0	0:00:00.702637
1326	6	6	0.434	1	0:00:00.713368
1327	6	6	1.8	1	0:00:00.705787
1328	5	5	0.0436	1	0:00:00.703213
1329	5	7	0.462	0	0:00:00.714496
1330	2	3	0.00948	0	0:00:00.706433
1331	8	8	1.91	1	0:00:00.706432
1332	1	-1	0.0	0	0:00:00.710535
1333	7	-1	0.0	0	0:00:00.701643
1334	3	2	0.142	0	0:00:00.708443
1335	1	1	1.57	1	0:00:00.714053
1336	4	4	0.247	1	0:00:00.704792
1337	5	5	0.0295	1	0:00:00.717981
1338	6	6	1.51	1	0:00:00.713676
1339	5	-1	0.0	0	0:00:00.702576
1340	1	1	1.55	1	0:00:00.707654
1341	4	4	0.251	1	0:00:00.702241
1342	7	7	0.426	1	0:00:00.712130
1343	0	0	1.14	1	0:00:00.701255
1344	9	9	0.38	1	0:00:00.708345
1345	4	2	0.193	0	0:00:00.706664
1346	3	9	0.054	0	0:00:00.713073
1347	8	8	1.8	1	0:00:00.710746
1348	2	-1	0.0	0	0:00:00.699278
1349	8	8	1.47	1	0:00:00.707016
1350	4	6	0.0458	0	0:00:00.709412
1351	7	7	0.945	1	0:00:00.708042
1352	2	-1	0.0	0	0:00:00.708346
1353	3	-1	0.0	0	0:00:00.710950
1354	1	1	0.965	1	0:00:00.707098
1355	5	6	0.169	0	0:00:00.704770
1356	2	2	0.105	1	0:00:00.708666
1357	9	9	0.213	1	0:00:00.707358
1358	8	8	1.33	1	0:00:00.706992
1359	9	9	1.43	1	0:00:00.710308
1360	7	7	0.443	1	0:00:00.708665
1361	9	9	0.901	1	0:00:00.703220
1362	5	5	0.61	1	0:00:00.711254
1363	1	1	1.52	1	0:00:00.709870
1364	4	4	1.5	1	0:00:00.700710
1365	0	0	1.35	1	0:00:00.710085
1366	8	8	1.27	1	0:00:00.703692
1367	2	2	0.442	1	0:00:00.706285
1368	3	-1	0.0	0	0:00:00.703571
1369	8	8	1.24	1	0:00:00.710948
1370	9	9	0.261	1	0:00:00.702987
1371	1	1	1.03	1	0:00:00.710905
1372	1	9	0.0186	0	0:00:00.707754
1373	3	-1	0.0	0	0:00:00.707941
1374	2	0	0.201	0	0:00:00.707527
1375	4	4	1.75	1	0:00:00.701593
1376	9	9	0.473	1	0:00:00.708252
1377	3	-1	0.0	0	0:00:00.706058
1378	1	1	0.754	1	0:00:00.700797
1379	7	7	0.567	1	0:00:00.710051
1380	4	-1	0.0	0	0:00:00.708566
1381	6	6	0.34	1	0:00:00.715063
1382	2	2	0.152	1	0:00:00.707536
1383	8	-1	0.0	0	0:00:00.709305
1384	9	9	0.553	1	0:00:00.714560
1385	5	5	0.625	1	0:00:00.705446
1386	3	3	0.999	1	0:00:00.711529
1387	9	9	1.91	1	0:00:00.705908
1388	5	2	0.0939	0	0:00:00.711564
1389	5	4	0.108	0	0:00:00.711799
1390	6	6	0.972	1	0:00:00.709051
1391	7	4	0.477	0	0:00:00.709693
1392	2	2	1.66	1	0:00:00.708703
1393	4	-1	0.0	0	0:00:00.708565
1394	6	5	0.15	0	0:00:00.710720
1395	3	-1	0.0	0	0:00:00.709375
1396	1	9	0.0865	0	0:00:00.703618
1397	0	0	1.28	1	0:00:00.712583
1398	7	7	0.166	1	0:00:00.706783
1399	2	0	0.316	0	0:00:00.708997
1400	5	3	0.104	0	0:00:00.715054
1401	4	4	0.333	1	0:00:00.707792
1402	7	7	0.495	1	0:00:00.705931
1403	6	4	0.0333	0	0:00:00.711948
1404	1	1	0.969	1	0:00:00.704304
1405	1	1	0.308	1	0:00:00.713257
1406	9	9	0.515	1	0:00:00.707559
1407	8	8	0.0059	1	0:00:00.709146
1408	1	1	1.07	1	0:00:00.709871
1409	0	0	0.212	1	0:00:00.699963
1410	1	1	1.8	1	0:00:00.707272
1411	3	3	0.779	1	0:00:00.713571
1412	1	1	1.47	1	0:00:00.706359
1413	1	1	0.623	1	0:00:00.714729
1414	1	1	1.27	1	0:00:00.708623
1415	7	7	0.934	1	0:00:00.710615
1416	3	7	0.288	0	0:00:00.704182
1417	9	9	0.595	1	0:00:00.713564
1418	6	-1	0.0	0	0:00:00.702976
1419	8	8	1.63	1	0:00:00.711760
1420	4	4	0.013	1	0:00:00.707872
1421	6	6	1.06	1	0:00:00.704487
1422	8	8	0.749	1	0:00:00.709090
1423	4	4	0.788	1	0:00:00.705613
1424	9	9	1.31	1	0:00:00.707204
1425	4	4	0.153	1	0:00:00.708560
1426	7	7	1.48	1	0:00:00.706745
1427	9	9	0.424	1	0:00:00.705587
1428	7	7	0.13	1	0:00:00.707895
1429	6	-1	0.0	0	0:00:00.706897
1430	8	8	0.408	1	0:00:00.707715
1431	4	4	0.694	1	0:00:00.706820
1432	9	9	1.75	1	0:00:00.706951
1433	7	7	0.406	1	0:00:00.711169
1434	0	0	0.184	1	0:00:00.701886
1435	1	1	1.19	1	0:00:00.709424
1436	6	6	1.75	1	0:00:00.707960
1437	1	1	0.405	1	0:00:00.712515
1438	5	2	0.627	0	0:00:00.705920
1439	9	9	0.0603	1	0:00:00.712706
1440	0	0	0.0999	1	0:00:00.707416
1441	4	4	0.264	1	0:00:00.708357
1442	3	5	0.242	0	0:00:00.710530
1443	4	4	0.269	1	0:00:00.709298
1444	1	1	1.31	1	0:00:00.712534
1445	3	3	0.0783	1	0:00:00.708600
1446	0	0	0.804	1	0:00:00.709662
1447	8	8	0.723	1	0:00:00.704744
1448	4	4	0.445	1	0:00:00.715044
1449	6	6	1.75	1	0:00:00.709006
1450	2	2	0.95	1	0:00:00.708710
1451	2	2	0.133	1	0:00:00.708253
1452	6	6	0.273	1	0:00:00.707293
1453	5	6	0.0191	0	0:00:00.706833
1454	3	5	0.25	0	0:00:00.704775
1455	6	6	1.32	1	0:00:00.711712
1456	2	-1	0.0	0	0:00:00.703989
1457	1	1	0.912	1	0:00:00.710507
1458	1	1	0.879	1	0:00:00.703856
1459	8	8	0.183	1	0:00:00.712602
1460	6	6	0.976	1	0:00:00.705906
1461	0	0	1.38	1	0:00:00.714486
1462	4	-1	0.0	0	0:00:00.711463
1463	0	0	0.159	1	0:00:00.708892
1464	1	1	0.449	1	0:00:00.708795
1465	9	9	0.502	1	0:00:00.711276
1466	7	7	1.91	1	0:00:00.708816
1467	1	1	1.25	1	0:00:00.708701
1468	3	3	0.802	1	0:00:00.710752
1469	7	7	1.21	1	0:00:00.713719
1470	7	2	0.152	0	0:00:00.701667
1471	8	8	0.272	1	0:00:00.711166
1472	7	7	0.418	1	0:00:00.711043
1473	7	7	1.91	1	0:00:00.709264
1474	3	7	0.465	0	0:00:00.707739
1475	9	9	1.23	1	0:00:00.703340
1476	7	7	1.64	1	0:00:00.711545
1477	7	7	0.384	1	0:00:00.707500
1478	7	7	0.0423	1	0:00:00.711232
1479	2	-1	0.0	0	0:00:00.704489
1480	1	1	0.404	1	0:00:00.713178
1481	2	2	1.35	1	0:00:00.707357
1482	8	8	0.575	1	0:00:00.712717
1483	6	6	1.36	1	0:00:00.706789
1484	4	-1	0.0	0	0:00:00.712982
1485	0	0	0.602	1	0:00:00.708805
1486	7	7	1.38	1	0:00:00.710305
1487	9	9	0.939	1	0:00:00.705951
1488	8	8	0.495	1	0:00:00.707575
1489	6	6	0.235	1	0:00:00.709512
1490	8	8	1.71	1	0:00:00.705702
1491	4	-1	0.0	0	0:00:00.711532
1492	9	9	0.158	1	0:00:00.704525
1493	1	1	0.632	1	0:00:00.709254
1494	7	2	0.597	0	0:00:00.712338
1495	2	0	0.493	0	0:00:00.702956
1496	2	2	0.768	1	0:00:00.712992
1497	8	8	1.8	1	0:00:00.705967
1498	5	3	1.01	0	0:00:00.707850
1499	8	8	0.0287	1	0:00:00.712278
1500	1	1	0.678	1	0:00:00.703177
1501	2	3	0.0937	0	0:00:00.712765
1502	2	-1	0.0	0	0:00:00.708257
1503	4	2	0.233	0	0:00:00.709216
1504	1	8	0.0569	0	0:00:00.711914
1505	2	-1	0.0	0	0:00:00.701258
1506	5	7	1.19	0	0:00:00.711341
1507	2	2	0.0938	1	0:00:00.709826
1508	8	8	1.23	1	0:00:00.710080
1509	1	1	0.69	1	0:00:00.708029
1510	8	4	0.0383	0	0:00:00.715001
1511	1	1	1.91	1	0:00:00.707410
1512	8	8	0.618	1	0:00:00.708328
1513	6	-1	0.0	0	0:00:00.707309
1514	0	-1	0.0	0	0:00:00.704372
1515	2	2	0.716	1	0:00:00.713411
1516	4	4	0.487	1	0:00:00.708625
1517	1	1	1.08	1	0:00:00.707430
1518	3	3	0.518	1	0:00:00.711735
1519	6	6	0.961	1	0:00:00.700654
1520	7	7	0.945	1	0:00:00.710056
1521	7	7	0.231	1	0:00:00.709188
1522	4	4	0.943	1	0:00:00.706378
1523	4	4	1.01	1	0:00:00.709697
1524	3	3	0.436	1	0:00:00.707484
1525	3	5	0.319	0	0:00:00.710828
1526	4	-1	0.0	0	0:00:00.704984
1527	5	-1	0.0	0	0:00:00.709797
1528	2	2	1.22	1	0:00:00.707082
1529	4	-1	0.0	0	0:00:00.708148
1530	3	3	0.0844	1	0:00:00.712752
1531	7	7	0.292	1	0:00:00.701128
1532	8	8	0.144	1	0:00:00.711000
1533	4	4	0.451	1	0:00:00.709747
1534	4	4	0.539	1	0:00:00.706388
1535	4	2	0.307	0	0:00:00.707241
1536	5	3	0.213	0	0:00:00.710902
1537	4	4	0.372	1	0:00:00.708652
1538	3	-1	0.0	0	0:00:00.711783
1539	2	-1	0.0	0	0:00:00.705051
1540	8	8	1.48	1	0:00:00.707769
1541	4	4	0.317	1	0:00:00.710270
1542	5	5	0.863	1	0:00:00.706885
1543	5	3	0.367	0	0:00:00.711695
1544	4	4	0.686	1	0:00:00.700241
1545	1	-1	0.0	0	0:00:00.707259
1546	4	4	0.676	1	0:00:00.708304
1547	2	2	0.000701	1	0:00:00.713316
1548	5	3	0.243	0	0:00:00.705040
1549	1	1	0.172	1	0:00:00.710451
1550	6	6	0.703	1	0:00:00.708298
1551	4	2	0.00158	0	0:00:00.701458
1552	3	-1	0.0	0	0:00:00.708481
1553	4	4	0.284	1	0:00:00.703939
1554	4	6	0.0228	0	0:00:00.707568
1555	0	0	0.478	1	0:00:00.712061
1556	8	8	0.245	1	0:00:00.703681
1557	8	8	1.1	1	0:00:00.707782
1558	4	4	0.633	1	0:00:00.707315
1559	5	3	0.00697	0	0:00:00.707530
1560	7	7	1.91	1	0:00:00.712412
1561	5	5	0.631	1	0:00:00.705791
1562	6	6	1.6	1	0:00:00.712487
1563	9	9	1.91	1	0:00:00.706769
1564	1	1	0.813	1	0:00:00.713747
1565	6	6	0.303	1	0:00:00.708279
1566	7	7	1.38	1	0:00:00.708824
1567	2	2	0.811	1	0:00:00.708261
1568	0	0	0.422	1	0:00:00.712785
1569	1	1	0.844	1	0:00:00.706294
1570	4	4	0.212	1	0:00:00.704304
1571	5	5	0.128	1	0:00:00.709885
1572	6	2	0.0135	0	0:00:00.707770
1573	0	9	0.0136	0	0:00:00.713818
1574	0	-1	0.0	0	0:00:00.702215
1575	2	2	0.206	1	0:00:00.712169
1576	7	6	0.0872	0	0:00:00.707631
1577	5	-1	0.0	0	0:00:00.706642
1578	6	6	0.529	1	0:00:00.710452
1579	0	0	1.55	1	0:00:00.706818
1580	6	1	0.0741	0	0:00:00.706008
1581	2	9	0.0894	0	0:00:00.703299
1582	9	9	1.71	1	0:00:00.711669
1583	1	3	0.381	0	0:00:00.701871
1584	7	7	0.368	1	0:00:00.711198
1585	7	7	1.75	1	0:00:00.706249
1586	5	5	0.701	1	0:00:00.707426
1587	2	0	0.182	0	0:00:00.713136
1588	5	5	0.137	1	0:00:00.703653
1589	6	6	1.59	1	0:00:00.711640
1590	4	-1	0.0	0	0:00:00.706188
1591	1	1	1.91	1	0:00:00.708387
1592	4	4	0.604	1	0:00:00.703348
1593	3	3	0.597	1	0:00:00.706181
1594	3	3	0.152	1	0:00:00.710383
1595	3	-1	0.0	0	0:00:00.704664
1596	0	0	0.631	1	0:00:00.715513
1597	3	3	0.0368	1	0:00:00.705475
1598	5	5	0.238	1	0:00:00.696972
1599	5	5	0.853	1	0:00:00.705397
1600	8	9	0.231	0	0:00:00.712944
1601	9	9	0.754	1	0:00:00.703844
1602	7	7	0.183	1	0:00:00.711470
1603	3	3	0.932	1	0:00:00.706550
1604	1	1	1.56	1	0:00:00.708988
1605	3	2	0.0961	0	0:00:00.713171
1606	3	-1	0.0	0	0:00:00.701390
1607	3	-1	0.0	0	0:00:00.708545
1608	4	4	0.513	1	0:00:00.707500
1609	4	4	0.3	1	0:00:00.707758
1610	2	0	0.122	0	0:00:00.708454
1611	3	3	0.533	1	0:00:00.709922
1612	3	-1	0.0	0	0:00:00.709336
1613	8	8	0.301	1	0:00:00.710157
1614	1	1	1.91	1	0:00:00.708533
1615	7	7	1.24	1	0:00:00.701771
1616	7	7	0.973	1	0:00:00.711146
1617	0	0	1.43	1	0:00:00.709463
1618	7	7	0.0229	1	0:00:00.702376
1619	4	4	0.851	1	0:00:00.714920
1620	5	-1	0.0	0	0:00:00.709209
1621	1	1	1.75	1	0:00:00.707863
1622	4	4	0.18	1	0:00:00.711388
1623	2	-1	0.0	0	0:00:00.705850
1624	4	4	0.758	1	0:00:00.712126
1625	3	3	0.363	1	0:00:00.706095
1626	9	-1	0.0	0	0:00:00.709235
1627	9	9	1.91	1	0:00:00.703890
1628	4	-1	0.0	0	0:00:00.705612
1629	9	9	1.14	1	0:00:00.706723
1630	9	9	1.06	1	0:00:00.705756
1631	1	1	1.01	1	0:00:00.705134
1632	8	8	0.121	1	0:00:00.709367
1633	1	8	0.419	0	0:00:00.700287
1634	6	6	0.834	1	0:00:00.711147
1635	7	7	0.762	1	0:00:00.708154
1636	5	2	0.457	0	0:00:00.702816
1637	5	-1	0.0	0	0:00:00.713444
1638	4	-1	0.0	0	0:00:00.703466
1639	9	9	0.456	1	0:00:00.707858
1640	7	-1	0.0	0	0:00:00.703631
1641	6	6	0.726	1	0:00:00.711366
1642	5	-1	0.0	0	0:00:00.704778
1643	9	9	0.56	1	0:00:00.709282
1644	2	-1	0.0	0	0:00:00.702278
1645	4	4	0.753	1	0:00:00.708691
1646	0	0	1.46	1	0:00:00.708216
1647	7	7	0.684	1	0:00:00.702822
1648	8	8	1.16	1	0:00:00.708149
1649	5	-1	0.0	0	0:00:00.710337
1650	5	5	1.66	1	0:00:00.704518
1651	0	0	0.997	1	0:00:00.707083
1652	0	0	1.48	1	0:00:00.711343
1653	9	9	0.106	1	0:00:00.703141
1654	9	9	1.14	1	0:00:00.704340
1655	8	8	1.2	1	0:00:00.710718
1656	2	2	0.312	1	0:00:00.704565
1657	5	5	0.451	1	0:00:00.700794
1658	4	4	0.259	1	0:00:00.711029
1659	8	8	1.2	1	0:00:00.705624
1660	3	3	0.265	1	0:00:00.709187
1661	6	6	0.217	1	0:00:00.707104
1662	3	-1	0.0	0	0:00:00.712341
1663	6	6	0.211	1	0:00:00.706847
1664	0	0	0.434	1	0:00:00.710055
1665	6	6	1.31	1	0:00:00.703731
1666	6	6	0.247	1	0:00:00.707764
1667	6	-1	0.0	0	0:00:00.707896
1668	9	1	0.0409	0	0:00:00.707356
1669	6	6	0.0277	1	0:00:00.706967
1670	6	4	0.365	0	0:00:00.706928
1671	8	8	1.8	1	0:00:00.701922
1672	6	6	0.664	1	0:00:00.710775
1673	2	6	0.181	0	0:00:00.709620
1674	4	4	0.455	1	0:00:00.702708
1675	5	-1	0.0	0	0:00:00.710915
1676	8	8	0.791	1	0:00:00.700921
1677	1	1	1.91	1	0:00:00.705040
1678	2	2	0.288	1	0:00:00.711445
1679	7	7	0.951	1	0:00:00.704021
1680	6	6	0.92	1	0:00:00.710988
1681	5	6	0.131	0	0:00:00.703162
1682	7	7	0.938	1	0:00:00.709820
1683	8	0	0.226	0	0:00:00.707710
1684	1	9	0.413	0	0:00:00.703656
1685	8	-1	0.0	0	0:00:00.713840
1686	0	8	0.926	0	0:00:00.707757
1687	8	8	0.0907	1	0:00:00.706988
1688	6	6	0.569	1	0:00:00.708144
1689	9	7	0.525	0	0:00:00.711323
1690	2	0	0.201	0	0:00:00.701231
1691	8	8	1.49	1	0:00:00.710695
1692	9	9	0.883	1	0:00:00.713540
1693	4	9	0.225	0	0:00:00.701880
1694	0	0	1.5	1	0:00:00.707518
1695	9	9	0.67	1	0:00:00.707480
1696	4	4	0.515	1	0:00:00.704342
1697	9	9	0.683	1	0:00:00.713479
1698	5	5	0.18	1	0:00:00.703562
1699	7	7	0.392	1	0:00:00.707005
1700	5	5	0.266	1	0:00:00.710076
1701	5	5	0.518	1	0:00:00.705357
1702	9	9	0.107	1	0:00:00.703601
1703	5	5	0.719	1	0:00:00.709059
1704	3	0	0.623	0	0:00:00.705171
1705	0	0	1.91	1	0:00:00.709595
1706	1	1	1.33	1	0:00:00.704109
1707	9	9	1.45	1	0:00:00.709195
1708	7	7	0.583	1	0:00:00.706409
1709	2	2	0.274	1	0:00:00.706032
1710	4	4	0.501	1	0:00:00.703607
1711	1	1	1.34	1	0:00:00.707966
1712	0	0	1.55	1	0:00:00.701971
1713	8	9	0.141	0	0:00:00.710055
1714	0	0	0.906	1	0:00:00.704800
1715	3	2	0.173	0	0:00:00.713173
1716	1	1	0.888	1	0:00:00.704887
1717	7	7	1.45	1	0:00:00.704025
1718	0	8	0.948	0	0:00:00.711448
1719	0	0	1.34	1	0:00:00.704288
1720	4	4	0.00296	1	0:00:00.707949
1721	8	8	0.335	1	0:00:00.707094
1722	6	6	1.12	1	0:00:00.701814
1723	2	7	0.451	0	0:00:00.712023
1724	4	2	0.331	0	0:00:00.707448
1725	0	0	1.45	1	0:00:00.702319
1726	0	0	1.26	1	0:00:00.713016
1727	9	8	0.151	0	0:00:00.707025
1728	0	-1	0.0	0	0:00:00.705568
1729	8	8	1.91	1	0:00:00.703049
1730	4	0	0.323	0	0:00:00.706529
1731	5	6	0.607	0	0:00:00.711105
1732	9	9	0.689	1	0:00:00.703176
1733	3	3	1.02	1	0:00:00.707172
1734	9	9	1.41	1	0:00:00.713076
1735	0	0	0.935	1	0:00:00.706784
1736	5	6	0.193	0	0:00:00.701190
1737	6	6	0.212	1	0:00:00.711319
1738	5	5	0.334	1	0:00:00.708822
1739	0	-1	0.0	0	0:00:00.700483
1740	1	9	0.085	0	0:00:00.711477
1741	4	5	0.578	0	0:00:00.711837
1742	8	8	1.91	1	0:00:00.705525
1743	1	1	1.91	1	0:00:00.710160
1744	0	0	1.53	1	0:00:00.710965
1745	5	5	0.52	1	0:00:00.704812
1746	2	2	0.0549	1	0:00:00.710655
1747	1	1	0.667	1	0:00:00.707309
1748	0	0	0.599	1	0:00:00.704087
1749	2	2	0.203	1	0:00:00.712241
1750	8	8	0.789	1	0:00:00.712130
1751	1	1	1.13	1	0:00:00.704900
1752	5	5	1.09	1	0:00:00.707946
1753	6	6	0.626	1	0:00:00.702592
1754	7	7	1.47	1	0:00:00.710434
1755	7	7	0.709	1	0:00:00.705389
1756	2	-1	0.0	0	0:00:00.707158
1757	6	6	0.668	1	0:00:00.711699
1758	2	2	1.34	1	0:00:00.703200
1759	5	5	0.373	1	0:00:00.705744
1760	0	0	0.347	1	0:00:00.705003
1761	1	1	0.923	1	0:00:00.711161
1762	4	4	0.33	1	0:00:00.702802
1763	2	2	0.682	1	0:00:00.714266
1764	5	-1	0.0	0	0:00:00.702891
1765	4	6	0.0166	0	0:00:00.706615
1766	6	-1	0.0	0	0:00:00.714240
1767	2	4	0.155	0	0:00:00.700650
1768	2	2	1.17	1	0:00:00.704105
1769	1	1	0.0528	1	0:00:00.712417
1770	7	7	0.715	1	0:00:00.707061
1771	2	2	0.173	1	0:00:00.705264
1772	8	9	0.118	0	0:00:00.709012
1773	5	3	0.0391	0	0:00:00.703184
1774	5	5	0.117	1	0:00:00.710847
1775	3	3	0.393	1	0:00:00.708646
1776	0	0	1.3	1	0:00:00.702969
1777	4	4	0.314	1	0:00:00.711160
1778	8	8	0.635	1	0:00:00.706374
1779	3	3	0.0869	1	0:00:00.710616
1780	7	7	0.267	1	0:00:00.704091
1781	6	6	1.56	1	0:00:00.709615
1782	3	-1	0.0	0	0:00:00.710122
1783	8	8	1.63	1	0:00:00.701545
1784	1	1	1.19	1	0:00:00.710560
1785	0	2	0.322	0	0:00:00.713804
1786	1	1	0.217	1	0:00:00.703239
1787	3	3	0.367	1	0:00:00.712957
1788	3	6	0.274	0	0:00:00.704385
1789	0	0	0.531	1	0:00:00.702918
1790	7	5	0.261	0	0:00:00.711898
1791	4	6	0.246	0	0:00:00.706568
1792	9	9	1.91	1	0:00:00.714710
1793	5	5	0.864	1	0:00:00.704619
1794	3	3	0.035	1	0:00:00.708908
1795	6	6	0.236	1	0:00:00.707633
1796	0	0	1.91	1	0:00:00.708567
1797	1	1	0.546	1	0:00:00.706376
1798	4	4	0.143	1	0:00:00.708887
1799	4	4	0.152	1	0:00:00.703833
1800	4	-1	0.0	0	0:00:00.708583
1801	4	4	1.13	1	0:00:00.706778
1802	2	2	0.322	1	0:00:00.708048
1803	2	-1	0.0	0	0:00:00.708079
1804	5	3	0.153	0	0:00:00.708956
1805	8	8	0.82	1	0:00:00.712002
1806	1	9	0.18	0	0:00:00.701892
1807	5	-1	0.0	0	0:00:00.706045
1808	9	-1	0.0	0	0:00:00.712998
1809	8	8	0.638	1	0:00:00.703652
1810	1	1	0.241	1	0:00:00.708178
1811	1	8	0.276	0	0:00:00.706247
1812	5	-1	0.0	0	0:00:00.710337
1813	3	2	0.328	0	0:00:00.703272
1814	9	9	0.702	1	0:00:00.711034
1815	9	9	1.48	1	0:00:00.706206
1816	7	7	0.577	1	0:00:00.707744
1817	6	6	0.554	1	0:00:00.703477
1818	5	5	0.664	1	0:00:00.707949
1819	0	0	0.805	1	0:00:00.704650
1820	8	-1	0.0	0	0:00:00.715175
1821	4	-1	0.0	0	0:00:00.708079
1822	7	-1	0.0	0	0:00:00.705232
1823	0	4	0.233	0	0:00:00.708011
1824	9	9	1.07	1	0:00:00.708186
1825	2	2	1.61	1	0:00:00.703946
1826	8	8	1.44	1	0:00:00.707126
1827	4	4	1.16	1	0:00:00.707973
1828	7	7	0.248	1	0:00:00.712486
1829	1	9	0.534	0	0:00:00.702653
1830	3	2	0.615	0	0:00:00.710463
1831	9	9	0.603	1	0:00:00.706519
1832	6	-1	0.0	0	0:00:00.711139
1833	8	8	1.27	1	0:00:00.703476
1834	9	9	0.0302	1	0:00:00.702018
1835	0	2	0.0416	0	0:00:00.710981
1836	4	4	0.181	1	0:00:00.705363
1837	9	-1	0.0	0	0:00:00.710973
1838	6	-1	0.0	0	0:00:00.711091
1839	7	7	1.91	1	0:00:00.701674
1840	8	-1	0.0	0	0:00:00.711955
1841	9	-1	0.0	0	0:00:00.706739
1842	4	4	0.815	1	0:00:00.702643
1843	8	8	1.48	1	0:00:00.708478
1844	9	9	0.297	1	0:00:00.709234
1845	7	7	0.0796	1	0:00:00.706126
1846	2	2	0.63	1	0:00:00.710057
1847	5	3	0.27	0	0:00:00.705778
1848	3	3	0.856	1	0:00:00.703599
1849	7	7	1.42	1	0:00:00.712702
1850	1	0	0.0373	0	0:00:00.704058
1851	0	0	0.242	1	0:00:00.706647
1852	2	-1	0.0	0	0:00:00.708777
1853	9	9	0.7	1	0:00:00.709605
1854	5	5	0.365	1	0:00:00.703558
1855	5	5	0.347	1	0:00:00.713709
1856	8	8	1.39	1	0:00:00.708756
1857	5	5	1.32	1	0:00:00.700353
1858	4	4	0.146	1	0:00:00.710594
1859	2	2	0.107	1	0:00:00.706998
1860	8	8	1.6	1	0:00:00.711659
1861	3	3	0.715	1	0:00:00.707012
1862	5	-1	0.0	0	0:00:00.705945
1863	5	-1	0.0	0	0:00:00.710744
1864	7	7	1.91	1	0:00:00.706939
1865	7	7	0.328	1	0:00:00.704739
1866	8	8	1.48	1	0:00:00.707295
1867	6	6	0.342	1	0:00:00.710775
1868	2	-1	0.0	0	0:00:00.706039
1869	8	8	0.81	1	0:00:00.712169
1870	2	2	0.953	1	0:00:00.701591
1871	3	3	0.889	1	0:00:00.708187
1872	5	5	0.863	1	0:00:00.703397
1873	6	6	0.145	1	0:00:00.710068
1874	8	8	0.521	1	0:00:00.711092
1875	0	0	1.49	1	0:00:00.704769
1876	2	-1	0.0	0	0:00:00.712256
1877	3	3	0.243	1	0:00:00.708585
1878	7	7	0.928	1	0:00:00.709541
1879	0	0	0.453	1	0:00:00.706534
1880	1	1	1.28	1	0:00:00.711972
1881	9	9	1.91	1	0:00:00.706375
1882	1	1	1.01	1	0:00:00.711263
1883	3	6	0.123	0	0:00:00.708772
1884	7	2	0.231	0	0:00:00.701736
1885	5	5	0.526	1	0:00:00.711587
1886	8	-1	0.0	0	0:00:00.703658
1887	3	-1	0.0	0	0:00:00.710228
