idx	label	predict	radius	correct	time
888	0	-1	0.0	0	0:00:00.830318
889	4	6	0.269	0	0:00:00.840493
890	4	-1	0.0	0	0:00:00.851399
891	6	6	0.608	1	0:00:00.853556
892	7	7	0.4	1	0:00:00.859090
893	6	5	0.0382	0	0:00:00.853793
894	1	1	1.8	1	0:00:00.859320
895	1	1	0.944	1	0:00:00.858683
896	3	3	0.76	1	0:00:00.860800
897	7	7	0.526	1	0:00:00.861025
898	3	7	0.49	0	0:00:00.862263
899	5	5	1.34	1	0:00:00.857693
900	2	-1	0.0	0	0:00:00.866636
901	6	6	1.31	1	0:00:00.866406
902	6	6	0.597	1	0:00:00.862403
903	5	5	0.361	1	0:00:00.869381
904	8	8	0.408	1	0:00:00.863448
905	7	7	0.0105	1	0:00:00.872747
906	1	-1	0.0	0	0:00:00.868366
907	6	6	0.0255	1	0:00:00.872566
908	8	8	0.67	1	0:00:00.874936
909	8	8	1.2	1	0:00:00.874850
910	5	-1	0.0	0	0:00:00.874604
911	3	3	0.879	1	0:00:00.874597
912	0	2	0.146	0	0:00:00.879869
913	4	4	0.622	1	0:00:00.867997
914	0	0	0.176	1	0:00:00.876786
915	1	1	1.31	1	0:00:00.867176
916	3	3	0.0215	1	0:00:00.873642
917	8	8	1.21	1	0:00:00.876615
918	8	8	0.71	1	0:00:00.875373
919	0	4	0.0289	0	0:00:00.878932
920	6	6	0.336	1	0:00:00.878276
921	9	9	1.41	1	0:00:00.873499
922	9	9	0.604	1	0:00:00.880988
923	9	-1	0.0	0	0:00:00.865213
924	5	-1	0.0	0	0:00:00.877895
925	5	3	1.42	0	0:00:00.876318
926	8	8	1.35	1	0:00:00.881095
927	6	-1	0.0	0	0:00:00.875025
928	0	0	0.37	1	0:00:00.879708
929	0	-1	0.0	0	0:00:00.878279
930	4	4	0.782	1	0:00:00.873835
931	2	2	0.83	1	0:00:00.884063
932	3	-1	0.0	0	0:00:00.881450
933	2	3	0.527	0	0:00:00.872937
934	7	7	1.91	1	0:00:00.878239
935	2	2	0.903	1	0:00:00.875934
936	2	2	0.302	1	0:00:00.885778
937	5	5	0.596	1	0:00:00.875075
938	9	-1	0.0	0	0:00:00.877319
939	8	8	1.55	1	0:00:00.878514
940	9	9	1.45	1	0:00:00.882846
941	1	9	0.213	0	0:00:00.880497
942	7	7	0.951	1	0:00:00.880024
943	4	-1	0.0	0	0:00:00.879512
944	0	0	0.889	1	0:00:00.881955
945	3	5	0.00553	0	0:00:00.882464
946	0	0	1.75	1	0:00:00.877914
947	1	1	0.49	1	0:00:00.881527
948	3	-1	0.0	0	0:00:00.879595
949	8	8	1.36	1	0:00:00.879507
950	3	-1	0.0	0	0:00:00.875464
951	9	9	0.989	1	0:00:00.881112
952	6	6	0.415	1	0:00:00.879222
953	1	1	0.109	1	0:00:00.887485
954	4	4	0.454	1	0:00:00.875882
955	7	7	1.47	1	0:00:00.886441
956	0	0	0.177	1	0:00:00.879623
957	3	3	0.217	1	0:00:00.881130
958	7	7	0.459	1	0:00:00.893823
959	8	8	1.49	1	0:00:00.877212
960	9	-1	0.0	0	0:00:00.886529
961	1	1	0.314	1	0:00:00.872956
962	1	1	0.486	1	0:00:00.886158
963	6	6	1.13	1	0:00:00.879092
964	6	6	0.232	1	0:00:00.883569
965	6	-1	0.0	0	0:00:00.877392
966	6	3	0.068	0	0:00:00.886396
967	9	9	1.13	1	0:00:00.875698
968	1	1	1.39	1	0:00:00.887986
969	9	9	0.749	1	0:00:00.877515
970	9	9	1.36	1	0:00:00.883911
971	4	4	0.12	1	0:00:00.878769
972	2	2	0.152	1	0:00:00.886637
973	1	1	1.32	1	0:00:00.879294
974	7	2	0.355	0	0:00:00.882274
975	0	0	1.21	1	0:00:00.881264
976	6	6	0.499	1	0:00:00.884327
977	8	8	0.944	1	0:00:00.877580
978	1	1	0.61	1	0:00:00.886723
979	9	9	0.354	1	0:00:00.876727
980	2	6	0.202	0	0:00:00.882235
981	9	8	0.0326	0	0:00:00.880592
982	0	-1	0.0	0	0:00:00.882580
983	4	4	0.362	1	0:00:00.878734
984	7	-1	0.0	0	0:00:00.883889
985	8	8	1.8	1	0:00:00.887547
986	3	3	0.0299	1	0:00:00.878545
987	1	1	0.516	1	0:00:00.880080
988	2	2	0.737	1	0:00:00.891063
989	0	0	0.41	1	0:00:00.886261
990	1	1	0.641	1	0:00:00.877687
991	5	-1	0.0	0	0:00:00.886286
992	8	0	0.0746	0	0:00:00.881529
993	4	7	0.0382	0	0:00:00.887371
994	6	6	0.364	1	0:00:00.878408
995	3	-1	0.0	0	0:00:00.885056
996	8	8	0.536	1	0:00:00.879726
997	1	1	0.701	1	0:00:00.883179
998	3	3	0.99	1	0:00:00.876419
999	8	8	1.1	1	0:00:00.885080
1000	5	5	1.22	1	0:00:00.885924
1001	0	0	0.213	1	0:00:00.874107
1002	8	-1	0.0	0	0:00:00.886283
1003	4	4	0.412	1	0:00:00.879102
1004	8	8	0.948	1	0:00:00.884256
1005	1	1	0.758	1	0:00:00.885951
1006	1	1	0.856	1	0:00:00.884509
1007	8	8	0.268	1	0:00:00.879068
1008	9	1	0.318	0	0:00:00.883188
1009	6	-1	0.0	0	0:00:00.886408
1010	0	0	1.75	1	0:00:00.883676
1011	8	8	0.979	1	0:00:00.891416
1012	6	-1	0.0	0	0:00:00.879098
1013	1	1	1.91	1	0:00:00.889437
1014	3	-1	0.0	0	0:00:00.879636
1015	4	4	0.268	1	0:00:00.877832
1016	1	1	0.399	1	0:00:00.897299
1017	6	6	0.85	1	0:00:00.878902
1018	0	0	1.19	1	0:00:00.886390
1019	5	3	0.869	0	0:00:00.883683
1020	1	1	1.38	1	0:00:00.882544
1021	1	0	0.136	0	0:00:00.882129
1022	0	0	0.827	1	0:00:00.883416
1023	0	0	0.757	1	0:00:00.883578
1024	3	5	0.226	0	0:00:00.874367
1025	5	5	0.909	1	0:00:00.886292
1026	0	0	0.666	1	0:00:00.886834
1027	0	-1	0.0	0	0:00:00.881270
1028	6	6	0.549	1	0:00:00.883686
1029	6	6	1.08	1	0:00:00.880061
1030	3	3	0.844	1	0:00:00.890435
1031	3	3	0.401	1	0:00:00.879680
1032	6	-1	0.0	0	0:00:00.888975
1033	3	3	0.49	1	0:00:00.874974
1034	6	3	0.297	0	0:00:00.877482
1035	6	-1	0.0	0	0:00:00.882526
1036	0	-1	0.0	0	0:00:00.883414
1037	7	7	1.26	1	0:00:00.885566
1038	2	2	1.22	1	0:00:00.883979
1039	2	4	0.232	0	0:00:00.877964
1040	7	-1	0.0	0	0:00:00.880607
1041	5	5	0.239	1	0:00:00.877358
1042	5	2	0.129	0	0:00:00.889072
1043	2	2	0.388	1	0:00:00.888954
1044	8	8	1.21	1	0:00:00.873534
1045	5	3	0.155	0	0:00:00.883165
1046	2	2	0.758	1	0:00:00.883707
1047	1	-1	0.0	0	0:00:00.885034
1048	1	1	0.934	1	0:00:00.877279
1049	4	-1	0.0	0	0:00:00.884854
1050	3	3	0.128	1	0:00:00.887937
1051	2	2	0.276	1	0:00:00.878184
1052	0	0	0.991	1	0:00:00.884826
1053	3	3	0.371	1	0:00:00.880452
1054	1	1	0.345	1	0:00:00.889270
1055	5	5	0.898	1	0:00:00.878675
1056	3	5	0.437	0	0:00:00.885901
1057	7	5	0.548	0	0:00:00.878487
1058	6	6	0.301	1	0:00:00.886847
1059	8	8	0.725	1	0:00:00.883976
1060	9	9	1.5	1	0:00:00.881518
1061	1	1	0.498	1	0:00:00.883259
1062	6	6	0.414	1	0:00:00.878910
1063	4	4	0.493	1	0:00:00.890038
1064	9	3	0.154	0	0:00:00.877572
1065	3	9	0.363	0	0:00:00.885202
1066	9	1	1.24	0	0:00:00.880335
1067	0	0	1.91	1	0:00:00.883915
1068	9	9	1.13	1	0:00:00.878778
1069	6	6	1.26	1	0:00:00.886445
1070	3	3	0.51	1	0:00:00.878555
1071	6	6	1.24	1	0:00:00.882106
1072	0	8	1.04	0	0:00:00.877316
1073	7	7	1.56	1	0:00:00.885001
1074	3	3	0.998	1	0:00:00.878932
1075	8	8	0.607	1	0:00:00.880096
1076	0	0	0.498	1	0:00:00.886417
1077	0	0	1.91	1	0:00:00.875876
1078	0	0	1.91	1	0:00:00.886165
1079	6	6	0.724	1	0:00:00.876223
1080	6	6	0.317	1	0:00:00.885164
1081	6	6	0.85	1	0:00:00.882018
1082	9	9	0.7	1	0:00:00.883422
1083	2	-1	0.0	0	0:00:00.884609
1084	5	-1	0.0	0	0:00:00.881522
1085	4	4	0.851	1	0:00:00.886254
1086	4	4	0.479	1	0:00:00.881527
1087	6	6	0.801	1	0:00:00.880719
1088	3	3	0.498	1	0:00:00.880518
1089	6	6	0.609	1	0:00:00.887086
1090	0	0	1.09	1	0:00:00.878622
1091	8	8	1.41	1	0:00:00.890580
1092	6	-1	0.0	0	0:00:00.876833
1093	0	-1	0.0	0	0:00:00.882926
1094	6	-1	0.0	0	0:00:00.880994
1095	2	2	0.313	1	0:00:00.884090
1096	7	7	1.91	1	0:00:00.883612
1097	5	5	0.527	1	0:00:00.876647
1098	1	1	0.35	1	0:00:00.889290
1099	2	2	0.248	1	0:00:00.875641
1100	7	7	0.538	1	0:00:00.880472
1101	8	8	1.47	1	0:00:00.886766
1102	8	8	0.507	1	0:00:00.878697
1103	0	0	0.978	1	0:00:00.896660
1104	9	9	0.411	1	0:00:00.876731
1105	4	3	0.522	0	0:00:00.879867
1106	9	9	1.66	1	0:00:00.897336
1107	7	7	0.867	1	0:00:00.879480
1108	2	2	0.556	1	0:00:00.878215
1109	0	8	0.245	0	0:00:00.882609
1110	2	2	1.91	1	0:00:00.879814
1111	8	8	1.27	1	0:00:00.880158
1112	3	3	0.557	1	0:00:00.871595
1113	8	8	1.04	1	0:00:00.890937
1114	9	9	0.44	1	0:00:00.885273
1115	1	1	0.754	1	0:00:00.876187
1116	5	5	0.0342	1	0:00:00.882604
1117	5	5	0.52	1	0:00:00.876515
1118	4	-1	0.0	0	0:00:00.886828
1119	7	7	1.55	1	0:00:00.880696
1120	5	2	0.189	0	0:00:00.882356
1121	3	3	0.416	1	0:00:00.883051
1122	8	8	0.871	1	0:00:00.878754
1123	3	-1	0.0	0	0:00:00.896020
1124	3	2	0.45	0	0:00:00.878143
1125	6	6	1.25	1	0:00:00.890152
1126	2	0	0.991	0	0:00:00.877894
1127	8	8	1.15	1	0:00:00.888638
1128	4	4	0.271	1	0:00:00.873767
1129	3	-1	0.0	0	0:00:00.880996
1130	7	0	0.118	0	0:00:00.885355
1131	1	9	0.138	0	0:00:00.884302
1132	2	6	0.227	0	0:00:00.878200
1133	4	-1	0.0	0	0:00:00.880993
1134	1	1	0.153	1	0:00:00.878798
1135	6	6	0.704	1	0:00:00.887516
1136	9	9	0.497	1	0:00:00.875117
1137	0	9	0.285	0	0:00:00.887197
1138	5	-1	0.0	0	0:00:00.880078
1139	8	8	1.8	1	0:00:00.884990
1140	6	6	0.457	1	0:00:00.884855
1141	1	1	0.767	1	0:00:00.875231
1142	8	8	0.901	1	0:00:00.890254
1143	6	6	1.57	1	0:00:00.878073
1144	1	1	0.0834	1	0:00:00.881940
1145	4	4	0.0453	1	0:00:00.881345
1146	2	-1	0.0	0	0:00:00.875988
1147	6	6	0.108	1	0:00:00.891466
1148	2	2	0.314	1	0:00:00.882025
1149	7	4	0.195	0	0:00:00.884619
1150	2	7	0.248	0	0:00:00.881505
1151	2	2	0.183	1	0:00:00.885712
1152	0	0	0.172	1	0:00:00.881900
1153	8	8	0.457	1	0:00:00.880265
1154	6	6	0.412	1	0:00:00.878034
1155	9	9	0.335	1	0:00:00.893001
1156	1	-1	0.0	0	0:00:00.879470
1157	7	7	1.04	1	0:00:00.883649
1158	1	1	0.389	1	0:00:00.880777
1159	8	8	0.464	1	0:00:00.884687
1160	8	8	0.456	1	0:00:00.877324
1161	0	0	0.985	1	0:00:00.898327
1162	7	7	1.24	1	0:00:00.878150
1163	3	-1	0.0	0	0:00:00.881947
1164	8	5	0.107	0	0:00:00.881602
1165	0	0	1.41	1	0:00:00.881846
1166	3	-1	0.0	0	0:00:00.891526
1167	4	2	0.422	0	0:00:00.876719
1168	3	-1	0.0	0	0:00:00.880292
1169	7	7	0.822	1	0:00:00.886633
1170	7	7	1.17	1	0:00:00.878390
1171	9	9	0.74	1	0:00:00.888666
1172	2	2	0.473	1	0:00:00.878156
1173	3	3	0.0653	1	0:00:00.881154
1174	1	1	1.91	1	0:00:00.886306
1175	9	9	0.887	1	0:00:00.878955
1176	1	1	0.621	1	0:00:00.883177
1177	9	9	0.261	1	0:00:00.879406
1178	6	2	0.534	0	0:00:00.880445
1179	3	-1	0.0	0	0:00:00.883850
1180	3	3	0.495	1	0:00:00.877158
1181	3	-1	0.0	0	0:00:00.879451
1182	1	1	0.278	1	0:00:00.879931
1183	0	0	1.06	1	0:00:00.881987
1184	6	6	0.993	1	0:00:00.878403
1185	1	1	0.491	1	0:00:00.884243
1186	4	4	0.902	1	0:00:00.881655
1187	1	1	0.388	1	0:00:00.881064
1188	0	0	0.715	1	0:00:00.879199
1189	0	0	0.589	1	0:00:00.877434
1190	1	1	0.823	1	0:00:00.882148
1191	1	1	0.658	1	0:00:00.878344
1192	6	6	0.134	1	0:00:00.888492
1193	5	5	0.0388	1	0:00:00.883988
1194	4	4	0.957	1	0:00:00.885311
1195	6	6	1.41	1	0:00:00.883957
1196	2	2	0.953	1	0:00:00.883367
1197	0	0	0.625	1	0:00:00.876318
1198	7	7	1.8	1	0:00:00.886689
1199	9	0	0.361	0	0:00:00.875115
1200	8	-1	0.0	0	0:00:00.897363
1201	7	7	1.01	1	0:00:00.878058
1202	2	2	0.76	1	0:00:00.879879
1203	0	0	0.577	1	0:00:00.879621
1204	6	6	0.816	1	0:00:00.879638
1205	8	8	0.816	1	0:00:00.878664
1206	1	1	1.8	1	0:00:00.883102
1207	4	8	0.208	0	0:00:00.879761
1208	3	-1	0.0	0	0:00:00.878366
1209	7	7	0.215	1	0:00:00.883866
1210	0	0	1.24	1	0:00:00.875456
1211	6	-1	0.0	0	0:00:00.888360
1212	1	1	0.972	1	0:00:00.880070
1213	8	8	1.91	1	0:00:00.887466
1214	5	5	1.15	1	0:00:00.875602
1215	7	7	1.8	1	0:00:00.883568
1216	8	8	0.565	1	0:00:00.881151
1217	4	4	0.477	1	0:00:00.875568
1218	8	8	0.621	1	0:00:00.891015
1219	3	5	0.32	0	0:00:00.880393
1220	9	3	0.00653	0	0:00:00.879265
1221	9	8	0.213	0	0:00:00.882173
1222	9	9	0.0805	1	0:00:00.882613
1223	8	0	1.66	0	0:00:00.888008
1224	7	-1	0.0	0	0:00:00.878051
1225	6	6	0.623	1	0:00:00.885137
1226	6	6	0.806	1	0:00:00.876804
1227	3	3	0.842	1	0:00:00.881727
1228	5	3	0.219	0	0:00:00.879171
1229	1	1	1.17	1	0:00:00.880401
1230	5	5	0.364	1	0:00:00.883363
1231	9	9	1.14	1	0:00:00.880632
1232	1	1	0.759	1	0:00:00.879203
1233	4	4	0.958	1	0:00:00.877372
1234	1	1	1.45	1	0:00:00.882695
1235	5	5	0.353	1	0:00:00.876902
1236	7	3	0.0149	0	0:00:00.879880
1237	0	0	1.22	1	0:00:00.883874
1238	1	1	1.68	1	0:00:00.877893
1239	5	3	0.306	0	0:00:00.877913
1240	2	6	0.317	0	0:00:00.883094
1241	0	0	0.296	1	0:00:00.879612
1242	8	1	0.0621	0	0:00:00.891033
1243	8	8	0.951	1	0:00:00.876312
1244	5	3	0.171	0	0:00:00.885813
1245	6	3	0.362	0	0:00:00.877323
1246	7	7	0.153	1	0:00:00.893184
1247	3	5	0.342	0	0:00:00.878753
1248	2	4	0.295	0	0:00:00.879179
1249	4	4	0.205	1	0:00:00.885503
1250	7	7	1.1	1	0:00:00.875856
1251	2	2	0.0576	1	0:00:00.887226
1252	5	5	1.68	1	0:00:00.878968
1253	8	8	0.596	1	0:00:00.877516
1254	2	2	0.848	1	0:00:00.880010
1255	4	4	0.669	1	0:00:00.878659
1256	9	8	0.589	0	0:00:00.880111
1257	2	-1	0.0	0	0:00:00.880584
1258	1	-1	0.0	0	0:00:00.879994
1259	8	8	1.21	1	0:00:00.879148
1260	1	9	0.393	0	0:00:00.879661
1261	9	-1	0.0	0	0:00:00.881824
1262	8	8	1.57	1	0:00:00.887249
1263	8	0	0.329	0	0:00:00.877868
1264	8	8	0.918	1	0:00:00.881292
1265	9	1	0.871	0	0:00:00.883676
1266	0	8	0.479	0	0:00:00.882941
1267	4	4	0.764	1	0:00:00.881304
1268	3	3	0.187	1	0:00:00.878816
1269	3	3	0.491	1	0:00:00.882466
1270	1	1	0.332	1	0:00:00.879485
1271	8	8	1.49	1	0:00:00.880897
1272	4	7	1.1	0	0:00:00.877887
1273	6	6	0.171	1	0:00:00.878797
1274	3	-1	0.0	0	0:00:00.877001
1275	3	3	0.19	1	0:00:00.881507
1276	5	5	0.112	1	0:00:00.877856
1277	2	-1	0.0	0	0:00:00.883705
1278	2	2	0.721	1	0:00:00.879163
1279	8	5	0.354	0	0:00:00.879266
1280	3	5	0.636	0	0:00:00.886707
1281	8	8	1.64	1	0:00:00.884350
1282	9	9	0.766	1	0:00:00.880047
1283	5	5	0.124	1	0:00:00.884450
1284	8	8	0.0253	1	0:00:00.875624
1285	9	-1	0.0	0	0:00:00.878834
1286	8	8	0.382	1	0:00:00.883099
1287	9	0	0.0825	0	0:00:00.876800
1288	1	1	1.34	1	0:00:00.883190
1289	6	6	0.816	1	0:00:00.879236
1290	5	5	1.27	1	0:00:00.886857
1291	9	9	0.578	1	0:00:00.878603
1292	4	4	0.445	1	0:00:00.881091
1293	4	7	0.0525	0	0:00:00.880542
1294	8	8	0.113	1	0:00:00.877791
1295	0	0	1.19	1	0:00:00.883527
1296	7	7	1.27	1	0:00:00.882034
1297	2	2	0.456	1	0:00:00.877469
1298	9	9	1.63	1	0:00:00.882181
1299	7	-1	0.0	0	0:00:00.880963
1300	4	3	0.527	0	0:00:00.875992
1301	1	1	1.91	1	0:00:00.880760
1302	6	5	0.0849	0	0:00:00.885217
1303	4	6	0.029	0	0:00:00.874856
1304	4	0	0.241	0	0:00:00.880148
1305	9	9	0.484	1	0:00:00.878740
1306	1	8	0.151	0	0:00:00.878422
1307	2	0	0.844	0	0:00:00.879930
1308	5	6	0.0235	0	0:00:00.883160
1309	6	6	0.546	1	0:00:00.876896
1310	0	0	1.45	1	0:00:00.881582
1311	8	8	1.03	1	0:00:00.885308
1312	6	6	0.754	1	0:00:00.880854
1313	1	1	1.17	1	0:00:00.878900
1314	9	9	1.91	1	0:00:00.879175
1315	4	-1	0.0	0	0:00:00.886090
1316	5	5	1.42	1	0:00:00.877405
1317	9	9	1.91	1	0:00:00.884057
1318	5	5	0.502	1	0:00:00.880810
1319	0	0	1.27	1	0:00:00.883803
1320	7	2	0.259	0	0:00:00.882158
1321	2	5	0.0301	0	0:00:00.887151
1322	0	0	0.596	1	0:00:00.879268
1323	0	8	0.445	0	0:00:00.884211
1324	4	4	0.163	1	0:00:00.880048
1325	2	2	0.0333	1	0:00:00.880006
1326	6	6	0.661	1	0:00:00.877589
1327	6	6	1.53	1	0:00:00.882592
1328	5	5	0.237	1	0:00:00.879212
1329	5	7	0.419	0	0:00:00.882442
1330	2	-1	0.0	0	0:00:00.877460
1331	8	8	1.71	1	0:00:00.881594
1332	1	1	0.251	1	0:00:00.876670
1333	7	-1	0.0	0	0:00:00.876918
1334	3	2	0.478	0	0:00:00.878820
1335	1	1	1.51	1	0:00:00.881736
1336	4	4	0.093	1	0:00:00.880613
1337	5	-1	0.0	0	0:00:00.875334
1338	6	6	1.36	1	0:00:00.878558
1339	5	3	0.136	0	0:00:00.881713
1340	1	1	1.45	1	0:00:00.879202
1341	4	4	0.229	1	0:00:00.882906
1342	7	-1	0.0	0	0:00:00.882020
1343	0	0	1.51	1	0:00:00.883942
1344	9	1	0.0467	0	0:00:00.872505
1345	4	2	0.000826	0	0:00:00.889376
1346	3	-1	0.0	0	0:00:00.879652
1347	8	8	1.63	1	0:00:00.879680
1348	2	3	0.0363	0	0:00:00.881057
1349	8	8	1.68	1	0:00:00.879763
1350	4	6	0.2	0	0:00:00.883715
1351	7	7	1.25	1	0:00:00.874833
1352	2	-1	0.0	0	0:00:00.889111
1353	3	-1	0.0	0	0:00:00.878910
1354	1	1	1.18	1	0:00:00.882944
1355	5	-1	0.0	0	0:00:00.877955
1356	2	2	0.037	1	0:00:00.887650
1357	9	9	0.0703	1	0:00:00.879591
1358	8	8	1.21	1	0:00:00.872385
1359	9	9	1.48	1	0:00:00.888739
1360	7	7	0.702	1	0:00:00.876050
1361	9	9	1.1	1	0:00:00.881595
1362	5	5	0.435	1	0:00:00.879495
1363	1	1	1.24	1	0:00:00.880491
1364	4	4	1.41	1	0:00:00.877446
1365	0	0	1.04	1	0:00:00.876452
1366	8	8	1.38	1	0:00:00.883582
1367	2	2	0.389	1	0:00:00.876599
1368	3	3	0.0805	1	0:00:00.884315
1369	8	8	1.19	1	0:00:00.874722
1370	9	9	0.579	1	0:00:00.882539
1371	1	1	1.18	1	0:00:00.879793
1372	1	1	0.0253	1	0:00:00.876616
1373	3	3	0.148	1	0:00:00.880913
1374	2	0	0.657	0	0:00:00.879666
1375	4	4	1.66	1	0:00:00.880465
1376	9	9	0.861	1	0:00:00.875600
1377	3	-1	0.0	0	0:00:00.885184
1378	1	1	1.14	1	0:00:00.875334
1379	7	7	0.194	1	0:00:00.880002
1380	4	-1	0.0	0	0:00:00.881543
1381	6	6	0.555	1	0:00:00.877432
1382	2	2	0.0417	1	0:00:00.882679
1383	8	-1	0.0	0	0:00:00.877378
1384	9	9	0.96	1	0:00:00.882360
1385	5	5	0.413	1	0:00:00.874080
1386	3	3	1.25	1	0:00:00.889919
1387	9	9	1.91	1	0:00:00.875725
1388	5	-1	0.0	0	0:00:00.886035
1389	5	4	0.252	0	0:00:00.874170
1390	6	6	1.18	1	0:00:00.881829
1391	7	4	0.173	0	0:00:00.880264
1392	2	2	1.53	1	0:00:00.878941
1393	4	-1	0.0	0	0:00:00.885414
1394	6	5	0.0683	0	0:00:00.882936
1395	3	3	0.0264	1	0:00:00.879185
1396	1	-1	0.0	0	0:00:00.875931
1397	0	0	1.91	1	0:00:00.880044
1398	7	7	0.557	1	0:00:00.873704
1399	2	0	0.0715	0	0:00:00.892734
1400	5	3	0.123	0	0:00:00.874697
1401	4	-1	0.0	0	0:00:00.880807
1402	7	7	0.637	1	0:00:00.879145
1403	6	-1	0.0	0	0:00:00.877173
1404	1	1	0.972	1	0:00:00.882632
1405	1	3	0.0297	0	0:00:00.879322
1406	9	9	0.458	1	0:00:00.878151
1407	8	8	0.124	1	0:00:00.884328
1408	1	1	1.19	1	0:00:00.870302
1409	0	0	0.489	1	0:00:00.884232
1410	1	1	1.91	1	0:00:00.871599
1411	3	3	0.384	1	0:00:00.879188
1412	1	1	1.8	1	0:00:00.877959
1413	1	1	0.558	1	0:00:00.881087
1414	1	1	1.23	1	0:00:00.875499
1415	7	7	0.995	1	0:00:00.876951
1416	3	7	0.905	0	0:00:00.885849
1417	9	9	0.214	1	0:00:00.875116
1418	6	6	0.572	1	0:00:00.880748
1419	8	8	1.91	1	0:00:00.873477
1420	4	7	0.0314	0	0:00:00.883528
1421	6	6	1.18	1	0:00:00.877805
1422	8	8	0.548	1	0:00:00.882796
1423	4	4	0.723	1	0:00:00.877011
1424	9	9	0.849	1	0:00:00.882517
1425	4	4	0.074	1	0:00:00.876146
1426	7	7	1.44	1	0:00:00.876779
1427	9	9	0.731	1	0:00:00.878602
1428	7	7	0.0901	1	0:00:00.876503
1429	6	6	0.0986	1	0:00:00.878167
1430	8	8	0.288	1	0:00:00.867249
1431	4	4	0.769	1	0:00:00.881356
1432	9	9	1.71	1	0:00:00.878180
1433	7	7	0.249	1	0:00:00.883643
1434	0	0	0.0773	1	0:00:00.874754
1435	1	1	1.91	1	0:00:00.881573
1436	6	6	1.91	1	0:00:00.869092
1437	1	1	0.716	1	0:00:00.879086
1438	5	2	0.362	0	0:00:00.879184
1439	9	1	0.0915	0	0:00:00.878873
1440	0	0	0.119	1	0:00:00.885717
1441	4	4	0.495	1	0:00:00.878734
1442	3	5	0.17	0	0:00:00.879845
1443	4	4	0.372	1	0:00:00.885423
1444	1	1	1.27	1	0:00:00.875404
1445	3	3	0.0616	1	0:00:00.877233
1446	0	0	0.838	1	0:00:00.879763
1447	8	8	0.84	1	0:00:00.876216
1448	4	4	0.696	1	0:00:00.885949
1449	6	6	1.68	1	0:00:00.876539
1450	2	2	0.471	1	0:00:00.877945
1451	2	2	0.182	1	0:00:00.882231
1452	6	6	0.178	1	0:00:00.875791
1453	5	6	0.0387	0	0:00:00.878603
1454	3	3	0.254	1	0:00:00.878507
1455	6	6	1.17	1	0:00:00.876552
1456	2	-1	0.0	0	0:00:00.883229
1457	1	1	1.24	1	0:00:00.875944
1458	1	1	0.921	1	0:00:00.881418
1459	8	8	0.278	1	0:00:00.872503
1460	6	6	1.06	1	0:00:00.883996
1461	0	0	1.54	1	0:00:00.875989
1462	4	2	0.012	0	0:00:00.880707
1463	0	0	0.651	1	0:00:00.878597
1464	1	1	0.493	1	0:00:00.874276
1465	9	9	0.264	1	0:00:00.881956
1466	7	7	1.91	1	0:00:00.874592
1467	1	1	1.25	1	0:00:00.878803
1468	3	5	0.299	0	0:00:00.877005
1469	7	7	1.8	1	0:00:00.878311
1470	7	7	0.168	1	0:00:00.874487
1471	8	8	0.191	1	0:00:00.878174
1472	7	7	0.533	1	0:00:00.878445
1473	7	7	1.75	1	0:00:00.880811
1474	3	7	0.918	0	0:00:00.873660
1475	9	9	1.3	1	0:00:00.880033
1476	7	7	1.75	1	0:00:00.877142
1477	7	7	0.358	1	0:00:00.875848
1478	7	-1	0.0	0	0:00:00.879349
1479	2	-1	0.0	0	0:00:00.876208
1480	1	1	0.583	1	0:00:00.882313
1481	2	2	1.21	1	0:00:00.866936
1482	8	8	0.458	1	0:00:00.880929
1483	6	6	1.17	1	0:00:00.875252
1484	4	-1	0.0	0	0:00:00.875876
1485	0	0	0.675	1	0:00:00.878687
1486	7	7	1.43	1	0:00:00.877252
1487	9	9	0.418	1	0:00:00.875180
1488	8	8	0.299	1	0:00:00.879474
1489	6	6	0.526	1	0:00:00.874754
1490	8	8	1.8	1	0:00:00.879347
1491	4	-1	0.0	0	0:00:00.876584
1492	9	-1	0.0	0	0:00:00.879348
1493	1	1	0.296	1	0:00:00.879044
1494	7	2	0.739	0	0:00:00.874919
1495	2	0	0.612	0	0:00:00.879818
1496	2	2	0.272	1	0:00:00.872308
1497	8	8	1.45	1	0:00:00.880761
1498	5	3	0.921	0	0:00:00.870347
1499	8	-1	0.0	0	0:00:00.889851
1500	1	1	0.498	1	0:00:00.875380
1501	2	3	0.0568	0	0:00:00.877733
1502	2	4	0.0471	0	0:00:00.873358
1503	4	-1	0.0	0	0:00:00.876579
1504	1	-1	0.0	0	0:00:00.877301
1505	2	-1	0.0	0	0:00:00.873677
1506	5	7	1.28	0	0:00:00.880023
1507	2	-1	0.0	0	0:00:00.877882
1508	8	8	0.658	1	0:00:00.878569
1509	1	1	0.497	1	0:00:00.877354
1510	8	-1	0.0	0	0:00:00.876195
1511	1	1	1.91	1	0:00:00.877863
1512	8	8	0.414	1	0:00:00.871507
1513	6	-1	0.0	0	0:00:00.882930
1514	0	-1	0.0	0	0:00:00.873739
1515	2	2	0.752	1	0:00:00.874110
1516	4	4	0.291	1	0:00:00.877885
1517	1	1	1.12	1	0:00:00.870236
1518	3	3	0.164	1	0:00:00.879211
1519	6	6	1.03	1	0:00:00.882031
1520	7	7	0.98	1	0:00:00.866004
1521	7	7	0.36	1	0:00:00.879877
1522	4	4	0.758	1	0:00:00.877064
1523	4	4	0.971	1	0:00:00.878428
1524	3	3	0.124	1	0:00:00.879795
1525	3	5	0.117	0	0:00:00.879145
1526	4	4	0.0757	1	0:00:00.873947
1527	5	3	0.00471	0	0:00:00.883436
1528	2	2	1.44	1	0:00:00.869922
1529	4	-1	0.0	0	0:00:00.877599
1530	3	3	0.265	1	0:00:00.870340
1531	7	7	0.396	1	0:00:00.891612
1532	8	0	0.637	0	0:00:00.875393
1533	4	4	0.54	1	0:00:00.876805
1534	4	4	0.323	1	0:00:00.878019
1535	4	2	0.513	0	0:00:00.873961
1536	5	-1	0.0	0	0:00:00.876476
1537	4	4	0.272	1	0:00:00.877011
1538	3	9	0.32	0	0:00:00.877998
1539	2	2	0.0338	1	0:00:00.876091
1540	8	8	1.71	1	0:00:00.879129
1541	4	4	0.506	1	0:00:00.873584
1542	5	5	0.69	1	0:00:00.882721
1543	5	5	0.205	1	0:00:00.874498
1544	4	4	0.732	1	0:00:00.878924
1545	1	9	0.123	0	0:00:00.876640
1546	4	4	0.71	1	0:00:00.875466
1547	2	0	0.0805	0	0:00:00.876246
1548	5	3	0.0159	0	0:00:00.876666
1549	1	1	0.377	1	0:00:00.873569
1550	6	6	0.777	1	0:00:00.877281
1551	4	4	0.0719	1	0:00:00.876316
1552	3	3	0.0135	1	0:00:00.876593
1553	4	4	0.37	1	0:00:00.873436
1554	4	6	0.188	0	0:00:00.877408
1555	0	0	0.854	1	0:00:00.870732
1556	8	8	0.38	1	0:00:00.874050
1557	8	8	1.04	1	0:00:00.875473
1558	4	4	0.572	1	0:00:00.865159
1559	5	5	0.416	1	0:00:00.883793
1560	7	7	1.91	1	0:00:00.878256
1561	5	5	0.814	1	0:00:00.872562
1562	6	6	1.68	1	0:00:00.879799
1563	9	9	1.71	1	0:00:00.874995
1564	1	1	0.789	1	0:00:00.879771
1565	6	6	0.43	1	0:00:00.879868
1566	7	7	0.531	1	0:00:00.877793
1567	2	2	1.32	1	0:00:00.875763
1568	0	0	0.389	1	0:00:00.873784
1569	1	1	0.775	1	0:00:00.879997
1570	4	4	0.309	1	0:00:00.865732
1571	5	5	0.278	1	0:00:00.886824
1572	6	-1	0.0	0	0:00:00.878599
1573	0	0	0.541	1	0:00:00.879630
1574	0	9	0.524	0	0:00:00.867503
1575	2	2	0.279	1	0:00:00.885129
1576	7	6	0.0691	0	0:00:00.875878
1577	5	-1	0.0	0	0:00:00.884336
1578	6	6	0.695	1	0:00:00.873504
1579	0	0	1.49	1	0:00:00.881801
1580	6	1	0.222	0	0:00:00.879078
1581	2	9	0.0658	0	0:00:00.875470
1582	9	9	1.55	1	0:00:00.877722
1583	1	3	0.217	0	0:00:00.877642
1584	7	7	0.518	1	0:00:00.876519
1585	7	7	1.4	1	0:00:00.878353
1586	5	5	0.754	1	0:00:00.877670
1587	2	0	0.492	0	0:00:00.877443
1588	5	5	0.473	1	0:00:00.873471
1589	6	6	1.75	1	0:00:00.879974
1590	4	2	0.218	0	0:00:00.882001
1591	1	1	1.8	1	0:00:00.872342
1592	4	4	0.3	1	0:00:00.881061
1593	3	3	0.419	1	0:00:00.871473
1594	3	3	0.0114	1	0:00:00.876139
1595	3	6	0.443	0	0:00:00.876376
1596	0	0	0.867	1	0:00:00.877116
1597	3	3	0.452	1	0:00:00.876988
1598	5	5	0.407	1	0:00:00.868272
1599	5	5	0.639	1	0:00:00.881584
1600	8	9	0.0102	0	0:00:00.868377
1601	9	9	0.712	1	0:00:00.878349
1602	7	7	0.288	1	0:00:00.874456
1603	3	3	0.426	1	0:00:00.877887
1604	1	1	1.71	1	0:00:00.872736
1605	3	2	0.492	0	0:00:00.878166
1606	3	3	0.19	1	0:00:00.880321
1607	3	3	0.156	1	0:00:00.872217
1608	4	4	0.605	1	0:00:00.880013
1609	4	4	0.246	1	0:00:00.874343
1610	2	0	0.0727	0	0:00:00.875988
1611	3	3	0.608	1	0:00:00.879532
1612	3	-1	0.0	0	0:00:00.867540
1613	8	-1	0.0	0	0:00:00.876366
1614	1	1	1.71	1	0:00:00.877723
1615	7	3	0.115	0	0:00:00.876426
1616	7	7	1.09	1	0:00:00.872814
1617	0	0	1.91	1	0:00:00.880582
1618	7	-1	0.0	0	0:00:00.870204
1619	4	4	0.874	1	0:00:00.879826
1620	5	-1	0.0	0	0:00:00.867191
1621	1	1	1.27	1	0:00:00.880263
1622	4	4	0.112	1	0:00:00.875213
1623	2	-1	0.0	0	0:00:00.879374
1624	4	4	0.601	1	0:00:00.873538
1625	3	3	0.465	1	0:00:00.876513
1626	9	0	0.0086	0	0:00:00.878402
1627	9	9	1.56	1	0:00:00.872659
1628	4	4	0.0288	1	0:00:00.878710
1629	9	9	1.32	1	0:00:00.870655
1630	9	9	0.77	1	0:00:00.879002
1631	1	1	1.0	1	0:00:00.869307
1632	8	8	0.582	1	0:00:00.882157
1633	1	8	0.0307	0	0:00:00.873421
1634	6	6	1.25	1	0:00:00.892642
1635	7	7	0.855	1	0:00:00.876236
1636	5	2	0.0703	0	0:00:00.880485
1637	5	5	0.626	1	0:00:00.873734
1638	4	2	0.0303	0	0:00:00.881777
1639	9	9	0.42	1	0:00:00.870404
1640	7	3	0.247	0	0:00:00.870348
1641	6	6	0.107	1	0:00:00.885872
1642	5	5	0.144	1	0:00:00.869891
1643	9	9	0.798	1	0:00:00.876573
1644	2	-1	0.0	0	0:00:00.879228
1645	4	4	0.972	1	0:00:00.873851
1646	0	0	1.53	1	0:00:00.874110
1647	7	7	1.27	1	0:00:00.880249
1648	8	8	0.738	1	0:00:00.878164
1649	5	-1	0.0	0	0:00:00.873476
1650	5	5	1.8	1	0:00:00.882606
1651	0	0	1.42	1	0:00:00.873089
1652	0	0	1.31	1	0:00:00.880448
1653	9	8	0.195	0	0:00:00.876715
1654	9	9	0.892	1	0:00:00.875847
1655	8	8	1.34	1	0:00:00.871558
1656	2	2	0.496	1	0:00:00.880170
1657	5	5	0.73	1	0:00:00.876935
1658	4	4	0.171	1	0:00:00.869684
1659	8	8	1.63	1	0:00:00.880132
1660	3	3	0.133	1	0:00:00.873616
1661	6	6	0.154	1	0:00:00.873138
1662	3	9	0.0437	0	0:00:00.876149
1663	6	2	0.2	0	0:00:00.877465
1664	0	0	1.1	1	0:00:00.870678
1665	6	6	1.43	1	0:00:00.880166
1666	6	6	0.253	1	0:00:00.869886
1667	6	6	0.178	1	0:00:00.877991
1668	9	9	0.141	1	0:00:00.873920
1669	6	6	0.43	1	0:00:00.868986
1670	6	4	0.393	0	0:00:00.882288
1671	8	8	1.91	1	0:00:00.869521
1672	6	6	0.814	1	0:00:00.880739
1673	2	-1	0.0	0	0:00:00.873168
1674	4	4	0.584	1	0:00:00.880145
1675	5	-1	0.0	0	0:00:00.868110
1676	8	8	1.05	1	0:00:00.879784
1677	1	1	1.91	1	0:00:00.873830
1678	2	2	0.303	1	0:00:00.874545
1679	7	7	0.846	1	0:00:00.872667
1680	6	6	0.906	1	0:00:00.876380
1681	5	6	0.243	0	0:00:00.869780
1682	7	7	0.59	1	0:00:00.880280
1683	8	0	0.208	0	0:00:00.869070
1684	1	9	0.243	0	0:00:00.879323
1685	8	4	0.0768	0	0:00:00.871861
1686	0	8	0.652	0	0:00:00.879295
1687	8	8	0.695	1	0:00:00.868637
1688	6	6	0.45	1	0:00:00.880094
1689	9	7	0.251	0	0:00:00.868329
1690	2	-1	0.0	0	0:00:00.876875
1691	8	8	1.13	1	0:00:00.875484
1692	9	9	0.542	1	0:00:00.875199
1693	4	8	0.35	0	0:00:00.870459
1694	0	0	1.66	1	0:00:00.872638
1695	9	9	0.246	1	0:00:00.877939
1696	4	4	0.525	1	0:00:00.868639
1697	9	9	0.675	1	0:00:00.868840
1698	5	5	0.501	1	0:00:00.882358
1699	7	7	0.188	1	0:00:00.875532
1700	5	5	0.0667	1	0:00:00.876072
1701	5	5	0.368	1	0:00:00.874497
1702	9	9	0.188	1	0:00:00.878375
1703	5	5	0.9	1	0:00:00.874898
1704	3	3	0.167	1	0:00:00.877859
1705	0	0	1.91	1	0:00:00.871534
1706	1	1	1.43	1	0:00:00.878526
1707	9	9	1.12	1	0:00:00.867409
1708	7	7	0.725	1	0:00:00.879260
1709	2	2	0.104	1	0:00:00.871559
1710	4	4	0.384	1	0:00:00.873592
1711	1	1	1.44	1	0:00:00.876902
1712	0	0	1.25	1	0:00:00.871886
1713	8	1	0.249	0	0:00:00.877184
1714	0	0	0.597	1	0:00:00.877111
1715	3	-1	0.0	0	0:00:00.874161
1716	1	1	0.962	1	0:00:00.871084
1717	7	7	1.8	1	0:00:00.878529
1718	0	8	1.03	0	0:00:00.874084
1719	0	0	1.35	1	0:00:00.879231
1720	4	4	0.202	1	0:00:00.866273
1721	8	8	0.087	1	0:00:00.881540
1722	6	6	0.905	1	0:00:00.871579
1723	2	7	0.5	0	0:00:00.882100
1724	4	2	0.172	0	0:00:00.872322
1725	0	0	1.48	1	0:00:00.880310
1726	0	0	1.71	1	0:00:00.868250
1727	9	8	0.0906	0	0:00:00.874279
1728	0	-1	0.0	0	0:00:00.868945
1729	8	8	1.91	1	0:00:00.879387
1730	4	0	0.456	0	0:00:00.868890
1731	5	6	0.625	0	0:00:00.875316
1732	9	9	0.393	1	0:00:00.872658
1733	3	3	0.719	1	0:00:00.880348
1734	9	9	1.43	1	0:00:00.870996
1735	0	0	0.739	1	0:00:00.871862
1736	5	5	0.0393	1	0:00:00.873959
1737	6	-1	0.0	0	0:00:00.867304
1738	5	3	0.266	0	0:00:00.876105
1739	0	7	0.152	0	0:00:00.872887
1740	1	1	0.304	1	0:00:00.873781
1741	4	-1	0.0	0	0:00:00.876399
1742	8	8	1.71	1	0:00:00.869538
1743	1	1	1.91	1	0:00:00.875735
1744	0	0	1.33	1	0:00:00.876442
1745	5	5	0.923	1	0:00:00.879106
1746	2	-1	0.0	0	0:00:00.876220
1747	1	1	0.552	1	0:00:00.871995
1748	0	0	1.06	1	0:00:00.870782
1749	2	-1	0.0	0	0:00:00.875636
1750	8	8	0.668	1	0:00:00.875764
1751	1	1	1.05	1	0:00:00.876257
1752	5	5	1.49	1	0:00:00.875177
1753	6	6	0.683	1	0:00:00.871150
1754	7	7	1.42	1	0:00:00.879069
1755	7	7	1.25	1	0:00:00.874600
1756	2	-1	0.0	0	0:00:00.872499
1757	6	6	0.5	1	0:00:00.875942
1758	2	2	1.08	1	0:00:00.878083
1759	5	5	0.215	1	0:00:00.869666
1760	0	0	0.232	1	0:00:00.879000
1761	1	1	0.967	1	0:00:00.869866
1762	4	4	0.111	1	0:00:00.876597
1763	2	2	0.852	1	0:00:00.873997
1764	5	-1	0.0	0	0:00:00.876933
1765	4	6	0.407	0	0:00:00.874966
1766	6	-1	0.0	0	0:00:00.877772
1767	2	4	0.0475	0	0:00:00.876121
1768	2	2	0.256	1	0:00:00.870666
1769	1	1	0.311	1	0:00:00.874005
1770	7	7	0.722	1	0:00:00.873479
1771	2	2	0.234	1	0:00:00.868974
1772	8	9	0.106	0	0:00:00.873823
1773	5	5	0.231	1	0:00:00.872528
1774	5	5	0.023	1	0:00:00.872731
1775	3	3	0.292	1	0:00:00.875550
1776	0	0	1.91	1	0:00:00.869149
1777	4	4	0.246	1	0:00:00.878044
1778	8	8	0.341	1	0:00:00.864809
1779	3	5	0.116	0	0:00:00.879289
1780	7	7	0.527	1	0:00:00.876129
1781	6	6	1.31	1	0:00:00.875930
1782	3	-1	0.0	0	0:00:00.867476
1783	8	8	1.6	1	0:00:00.880064
1784	1	1	0.906	1	0:00:00.868502
1785	0	2	0.443	0	0:00:00.877281
1786	1	1	0.0579	1	0:00:00.869252
1787	3	-1	0.0	0	0:00:00.879064
1788	3	6	0.499	0	0:00:00.873658
1789	0	0	0.467	1	0:00:00.873875
1790	7	3	0.0945	0	0:00:00.870315
1791	4	6	0.284	0	0:00:00.874931
1792	9	9	1.91	1	0:00:00.876124
1793	5	5	1.03	1	0:00:00.879559
1794	3	-1	0.0	0	0:00:00.868153
1795	6	6	0.369	1	0:00:00.882387
1796	0	0	1.91	1	0:00:00.874399
1797	1	1	0.566	1	0:00:00.873412
1798	4	4	0.0044	1	0:00:00.877074
1799	4	-1	0.0	0	0:00:00.869441
1800	4	4	0.0562	1	0:00:00.879292
1801	4	4	1.36	1	0:00:00.872439
1802	2	2	0.217	1	0:00:00.875719
1803	2	6	0.313	0	0:00:00.875141
1804	5	4	0.0702	0	0:00:00.863602
1805	8	8	0.748	1	0:00:00.876080
1806	1	1	0.175	1	0:00:00.869655
1807	5	7	0.306	0	0:00:00.877459
1808	9	9	0.2	1	0:00:00.876227
1809	8	8	0.517	1	0:00:00.876620
1810	1	1	0.133	1	0:00:00.874746
1811	1	8	0.438	0	0:00:00.873403
1812	5	7	0.426	0	0:00:00.879045
1813	3	-1	0.0	0	0:00:00.876122
1814	9	9	0.661	1	0:00:00.873050
1815	9	9	1.05	1	0:00:00.875227
1816	7	7	0.718	1	0:00:00.877072
1817	6	6	0.554	1	0:00:00.874897
1818	5	5	0.754	1	0:00:00.878332
1819	0	0	0.941	1	0:00:00.869519
1820	8	-1	0.0	0	0:00:00.877642
1821	4	-1	0.0	0	0:00:00.865914
1822	7	5	0.161	0	0:00:00.880701
1823	0	4	0.259	0	0:00:00.871663
1824	9	9	0.977	1	0:00:00.880277
1825	2	2	1.48	1	0:00:00.866237
1826	8	8	1.63	1	0:00:00.878047
1827	4	4	1.61	1	0:00:00.870494
1828	7	7	0.0409	1	0:00:00.877415
1829	1	9	0.3	0	0:00:00.872789
1830	3	2	0.47	0	0:00:00.875256
1831	9	9	0.822	1	0:00:00.866997
1832	6	-1	0.0	0	0:00:00.878227
1833	8	8	1.66	1	0:00:00.872259
1834	9	-1	0.0	0	0:00:00.873510
1835	0	-1	0.0	0	0:00:00.878412
1836	4	4	0.456	1	0:00:00.869751
1837	9	-1	0.0	0	0:00:00.881698
1838	6	-1	0.0	0	0:00:00.869410
1839	7	7	1.91	1	0:00:00.877093
1840	8	-1	0.0	0	0:00:00.869767
1841	9	-1	0.0	0	0:00:00.875104
1842	4	4	1.04	1	0:00:00.878614
1843	8	8	1.28	1	0:00:00.875488
1844	9	9	0.572	1	0:00:00.868205
1845	7	-1	0.0	0	0:00:00.872517
1846	2	2	0.353	1	0:00:00.877707
1847	5	5	0.0164	1	0:00:00.871018
1848	3	3	0.728	1	0:00:00.873636
1849	7	7	1.8	1	0:00:00.878029
1850	1	0	0.166	0	0:00:00.873625
1851	0	0	1.14	1	0:00:00.878396
1852	2	8	0.19	0	0:00:00.875447
1853	9	9	0.933	1	0:00:00.870876
1854	5	5	0.0321	1	0:00:00.873519
1855	5	5	0.119	1	0:00:00.876798
1856	8	8	1.66	1	0:00:00.864441
1857	5	5	1.1	1	0:00:00.878877
1858	4	7	0.00609	0	0:00:00.872422
1859	2	2	0.287	1	0:00:00.873899
1860	8	8	1.19	1	0:00:00.877177
1861	3	3	0.0464	1	0:00:00.875232
1862	5	-1	0.0	0	0:00:00.876071
1863	5	-1	0.0	0	0:00:00.871847
1864	7	7	1.91	1	0:00:00.871066
1865	7	7	0.346	1	0:00:00.878614
1866	8	8	1.91	1	0:00:00.876851
1867	6	6	0.315	1	0:00:00.865741
1868	2	-1	0.0	0	0:00:00.877577
1869	8	8	0.859	1	0:00:00.874130
1870	2	2	1.03	1	0:00:00.878815
1871	3	3	0.143	1	0:00:00.872197
1872	5	5	0.704	1	0:00:00.876762
1873	6	6	0.0585	1	0:00:00.874345
1874	8	8	0.68	1	0:00:00.875493
1875	0	0	1.05	1	0:00:00.872268
1876	2	-1	0.0	0	0:00:00.872083
1877	3	3	0.448	1	0:00:00.875046
1878	7	7	1.13	1	0:00:00.876938
1879	0	0	0.296	1	0:00:00.874639
1880	1	1	1.64	1	0:00:00.873490
1881	9	9	1.8	1	0:00:00.878719
1882	1	1	1.1	1	0:00:00.869650
1883	3	6	0.548	0	0:00:00.874847
1884	7	2	0.111	0	0:00:00.875127
1885	5	5	0.39	1	0:00:00.873800
1886	8	9	0.379	0	0:00:00.868934
1887	3	-1	0.0	0	0:00:00.877720
