idx	label	predict	radius	correct	time
888	0	-1	0.0	0	0:00:00.711376
889	4	6	0.142	0	0:00:00.523049
890	4	-1	0.0	0	0:00:00.525657
891	6	6	0.921	1	0:00:00.529439
892	7	7	0.35	1	0:00:00.534576
893	6	3	0.162	0	0:00:00.531274
894	1	1	1.38	1	0:00:00.529683
895	1	1	1.09	1	0:00:00.531205
896	3	3	0.812	1	0:00:00.536280
897	7	7	0.536	1	0:00:00.538776
898	3	5	0.19	0	0:00:00.536926
899	5	5	1.91	1	0:00:00.539526
900	2	6	0.000638	0	0:00:00.542285
901	6	6	1.16	1	0:00:00.538735
902	6	6	0.611	1	0:00:00.540169
903	5	5	0.766	1	0:00:00.539387
904	8	8	0.566	1	0:00:00.542814
905	7	-1	0.0	0	0:00:00.540502
906	1	1	0.211	1	0:00:00.545791
907	6	6	0.502	1	0:00:00.545171
908	8	8	1.03	1	0:00:00.541090
909	8	8	1.15	1	0:00:00.542554
910	5	5	0.0521	1	0:00:00.546637
911	3	3	1.12	1	0:00:00.547299
912	0	0	0.359	1	0:00:00.540271
913	4	4	0.928	1	0:00:00.543920
914	0	0	0.118	1	0:00:00.548782
915	1	1	1.1	1	0:00:00.540866
916	3	-1	0.0	0	0:00:00.544718
917	8	8	1.2	1	0:00:00.548995
918	8	8	0.889	1	0:00:00.541307
919	0	4	0.179	0	0:00:00.545367
920	6	6	0.133	1	0:00:00.547523
921	9	9	1.57	1	0:00:00.541824
922	9	9	0.748	1	0:00:00.548536
923	9	9	0.167	1	0:00:00.550348
924	5	-1	0.0	0	0:00:00.543041
925	5	3	1.66	0	0:00:00.546953
926	8	8	1.12	1	0:00:00.552362
927	6	6	0.00327	1	0:00:00.545909
928	0	0	0.0588	1	0:00:00.543432
929	0	0	0.000513	1	0:00:00.553307
930	4	4	0.906	1	0:00:00.553381
931	2	2	0.841	1	0:00:00.546010
932	3	2	0.102	0	0:00:00.550154
933	2	3	0.718	0	0:00:00.551210
934	7	7	1.91	1	0:00:00.545600
935	2	2	1.07	1	0:00:00.549785
936	2	-1	0.0	0	0:00:00.554040
937	5	5	0.498	1	0:00:00.548371
938	9	-1	0.0	0	0:00:00.546291
939	8	8	1.38	1	0:00:00.551729
940	9	9	0.892	1	0:00:00.550090
941	1	9	0.499	0	0:00:00.547746
942	7	7	0.92	1	0:00:00.555756
943	4	6	0.243	0	0:00:00.551278
944	0	0	0.647	1	0:00:00.543854
945	3	3	0.202	1	0:00:00.549491
946	0	0	1.91	1	0:00:00.555468
947	1	1	0.714	1	0:00:00.547184
948	3	-1	0.0	0	0:00:00.551059
949	8	8	0.882	1	0:00:00.550260
950	3	3	0.0741	1	0:00:00.546724
951	9	9	1.38	1	0:00:00.547815
952	6	6	0.308	1	0:00:00.551598
953	1	9	0.0986	0	0:00:00.556560
954	4	4	0.526	1	0:00:00.548815
955	7	7	1.43	1	0:00:00.552292
956	0	0	0.052	1	0:00:00.551348
957	3	-1	0.0	0	0:00:00.544044
958	7	7	0.505	1	0:00:00.547878
959	8	8	1.37	1	0:00:00.554476
960	9	9	0.835	1	0:00:00.549641
961	1	1	0.263	1	0:00:00.547852
962	1	1	0.713	1	0:00:00.554641
963	6	6	0.926	1	0:00:00.546429
964	6	-1	0.0	0	0:00:00.549767
965	6	6	0.0212	1	0:00:00.557832
966	6	3	0.0525	0	0:00:00.554365
967	9	9	0.506	1	0:00:00.550137
968	1	1	1.36	1	0:00:00.551028
969	9	9	0.343	1	0:00:00.559745
970	9	9	1.28	1	0:00:00.557271
971	4	4	0.53	1	0:00:00.548174
972	2	5	0.00741	0	0:00:00.553104
973	1	1	1.36	1	0:00:00.552419
974	7	-1	0.0	0	0:00:00.554546
975	0	0	1.75	1	0:00:00.553607
976	6	6	0.425	1	0:00:00.556113
977	8	8	1.07	1	0:00:00.553065
978	1	1	0.326	1	0:00:00.547480
979	9	9	0.373	1	0:00:00.552643
980	2	6	0.127	0	0:00:00.550371
981	9	9	0.0808	1	0:00:00.545086
982	0	-1	0.0	0	0:00:00.548403
983	4	4	0.156	1	0:00:00.556979
984	7	7	0.176	1	0:00:00.552761
985	8	8	1.8	1	0:00:00.553695
986	3	3	0.0137	1	0:00:00.550741
987	1	1	1.24	1	0:00:00.554314
988	2	2	0.0658	1	0:00:00.552264
989	0	0	0.0986	1	0:00:00.555283
990	1	1	0.657	1	0:00:00.554105
991	5	-1	0.0	0	0:00:00.552000
992	8	0	0.133	0	0:00:00.551403
993	4	7	0.185	0	0:00:00.554418
994	6	6	0.22	1	0:00:00.549722
995	3	-1	0.0	0	0:00:00.554278
996	8	8	0.576	1	0:00:00.551268
997	1	-1	0.0	0	0:00:00.550231
998	3	3	1.02	1	0:00:00.553450
999	8	8	1.19	1	0:00:00.555002
1000	5	5	1.18	1	0:00:00.551688
1001	0	-1	0.0	0	0:00:00.554651
1002	8	-1	0.0	0	0:00:00.550172
1003	4	4	0.157	1	0:00:00.557616
1004	8	8	0.915	1	0:00:00.551769
1005	1	1	0.883	1	0:00:00.555825
1006	1	1	1.09	1	0:00:00.553162
1007	8	8	0.514	1	0:00:00.553988
1008	9	1	0.142	0	0:00:00.555623
1009	6	-1	0.0	0	0:00:00.549146
1010	0	0	1.68	1	0:00:00.555649
1011	8	8	0.899	1	0:00:00.550825
1012	6	6	0.306	1	0:00:00.548604
1013	1	1	1.91	1	0:00:00.554269
1014	3	-1	0.0	0	0:00:00.549876
1015	4	4	0.545	1	0:00:00.552524
1016	1	1	0.172	1	0:00:00.557090
1017	6	6	0.778	1	0:00:00.551722
1018	0	0	1.43	1	0:00:00.557091
1019	5	3	0.606	0	0:00:00.552805
1020	1	1	1.29	1	0:00:00.553073
1021	1	-1	0.0	0	0:00:00.554399
1022	0	0	1.1	1	0:00:00.546661
1023	0	0	0.751	1	0:00:00.554947
1024	3	5	0.0299	0	0:00:00.551800
1025	5	-1	0.0	0	0:00:00.552437
1026	0	0	0.369	1	0:00:00.556035
1027	0	-1	0.0	0	0:00:00.557891
1028	6	6	0.041	1	0:00:00.550419
1029	6	6	1.01	1	0:00:00.552897
1030	3	3	0.29	1	0:00:00.553400
1031	3	3	0.817	1	0:00:00.549857
1032	6	-1	0.0	0	0:00:00.555792
1033	3	3	0.64	1	0:00:00.552214
1034	6	3	0.251	0	0:00:00.554616
1035	6	-1	0.0	0	0:00:00.556431
1036	0	0	0.00177	1	0:00:00.549901
1037	7	7	1.12	1	0:00:00.558389
1038	2	2	1.57	1	0:00:00.558371
1039	2	4	0.177	0	0:00:00.550275
1040	7	5	0.908	0	0:00:00.551401
1041	5	5	0.578	1	0:00:00.546906
1042	5	-1	0.0	0	0:00:00.545692
1043	2	2	0.284	1	0:00:00.552624
1044	8	8	1.22	1	0:00:00.555471
1045	5	3	0.32	0	0:00:00.554195
1046	2	2	0.682	1	0:00:00.560766
1047	1	8	0.195	0	0:00:00.556115
1048	1	1	0.584	1	0:00:00.550179
1049	4	-1	0.0	0	0:00:00.553275
1050	3	-1	0.0	0	0:00:00.558015
1051	2	-1	0.0	0	0:00:00.553504
1052	0	0	0.885	1	0:00:00.555544
1053	3	5	0.114	0	0:00:00.553714
1054	1	1	0.317	1	0:00:00.557997
1055	5	5	0.941	1	0:00:00.555557
1056	3	5	0.395	0	0:00:00.546500
1057	7	5	0.965	0	0:00:00.553248
1058	6	3	0.293	0	0:00:00.552565
1059	8	8	0.748	1	0:00:00.550387
1060	9	9	1.71	1	0:00:00.556863
1061	1	1	0.239	1	0:00:00.558984
1062	6	6	0.728	1	0:00:00.552384
1063	4	4	0.606	1	0:00:00.555320
1064	9	3	0.155	0	0:00:00.549152
1065	3	9	0.735	0	0:00:00.554863
1066	9	1	1.23	0	0:00:00.557249
1067	0	0	1.91	1	0:00:00.551651
1068	9	9	0.994	1	0:00:00.561506
1069	6	6	1.24	1	0:00:00.559330
1070	3	3	0.0991	1	0:00:00.548423
1071	6	6	1.14	1	0:00:00.550404
1072	0	8	0.884	0	0:00:00.555551
1073	7	7	1.56	1	0:00:00.547045
1074	3	3	1.23	1	0:00:00.553237
1075	8	8	0.338	1	0:00:00.557527
1076	0	0	0.487	1	0:00:00.551332
1077	0	0	1.55	1	0:00:00.551268
1078	0	0	1.38	1	0:00:00.551746
1079	6	6	0.816	1	0:00:00.554881
1080	6	2	0.363	0	0:00:00.557673
1081	6	6	0.95	1	0:00:00.551371
1082	9	9	0.9	1	0:00:00.552504
1083	2	-1	0.0	0	0:00:00.557009
1084	5	-1	0.0	0	0:00:00.550154
1085	4	4	1.06	1	0:00:00.554210
1086	4	4	0.536	1	0:00:00.556464
1087	6	6	0.394	1	0:00:00.550748
1088	3	-1	0.0	0	0:00:00.555179
1089	6	6	0.555	1	0:00:00.550460
1090	0	0	0.895	1	0:00:00.553368
1091	8	8	1.53	1	0:00:00.552070
1092	6	6	0.153	1	0:00:00.551261
1093	0	4	0.327	0	0:00:00.557873
1094	6	5	0.318	0	0:00:00.552317
1095	2	2	0.414	1	0:00:00.553695
1096	7	7	1.6	1	0:00:00.554208
1097	5	5	0.633	1	0:00:00.548577
1098	1	1	0.439	1	0:00:00.554818
1099	2	2	0.345	1	0:00:00.551914
1100	7	7	0.133	1	0:00:00.552915
1101	8	8	1.34	1	0:00:00.556853
1102	8	8	0.672	1	0:00:00.554669
1103	0	0	1.42	1	0:00:00.546237
1104	9	9	0.716	1	0:00:00.555754
1105	4	3	0.627	0	0:00:00.556584
1106	9	9	1.71	1	0:00:00.545578
1107	7	7	1.09	1	0:00:00.553307
1108	2	2	0.822	1	0:00:00.556059
1109	0	-1	0.0	0	0:00:00.550549
1110	2	2	1.75	1	0:00:00.556764
1111	8	8	0.582	1	0:00:00.549733
1112	3	3	0.519	1	0:00:00.552924
1113	8	8	1.22	1	0:00:00.559283
1114	9	9	0.917	1	0:00:00.553872
1115	1	1	0.93	1	0:00:00.555554
1116	5	-1	0.0	0	0:00:00.554781
1117	5	5	0.477	1	0:00:00.547865
1118	4	4	0.174	1	0:00:00.555173
1119	7	7	1.41	1	0:00:00.552687
1120	5	5	0.131	1	0:00:00.557344
1121	3	3	0.562	1	0:00:00.551777
1122	8	8	0.529	1	0:00:00.551423
1123	3	3	0.505	1	0:00:00.557200
1124	3	2	0.49	0	0:00:00.554816
1125	6	6	0.98	1	0:00:00.546061
1126	2	0	1.24	0	0:00:00.552480
1127	8	8	1.31	1	0:00:00.558107
1128	4	-1	0.0	0	0:00:00.552190
1129	3	-1	0.0	0	0:00:00.553236
1130	7	-1	0.0	0	0:00:00.554418
1131	1	9	0.169	0	0:00:00.551299
1132	2	6	0.303	0	0:00:00.559390
1133	4	-1	0.0	0	0:00:00.554058
1134	1	-1	0.0	0	0:00:00.546634
1135	6	6	0.669	1	0:00:00.552808
1136	9	9	0.311	1	0:00:00.554616
1137	0	9	0.119	0	0:00:00.551134
1138	5	-1	0.0	0	0:00:00.556881
1139	8	8	1.8	1	0:00:00.551920
1140	6	6	0.172	1	0:00:00.553161
1141	1	1	1.01	1	0:00:00.556868
1142	8	8	0.946	1	0:00:00.552601
1143	6	6	1.66	1	0:00:00.553101
1144	1	0	0.0682	0	0:00:00.552374
1145	4	4	0.143	1	0:00:00.553020
1146	2	-1	0.0	0	0:00:00.556241
1147	6	-1	0.0	0	0:00:00.550476
1148	2	6	0.0154	0	0:00:00.554335
1149	7	-1	0.0	0	0:00:00.550690
1150	2	7	0.07	0	0:00:00.555622
1151	2	2	0.13	1	0:00:00.555262
1152	0	0	0.278	1	0:00:00.548018
1153	8	8	0.255	1	0:00:00.553596
1154	6	6	0.535	1	0:00:00.552587
1155	9	-1	0.0	0	0:00:00.551508
1156	1	1	0.0841	1	0:00:00.556660
1157	7	7	0.626	1	0:00:00.550975
1158	1	1	0.606	1	0:00:00.554601
1159	8	8	0.443	1	0:00:00.555278
1160	8	8	0.413	1	0:00:00.557770
1161	0	0	0.863	1	0:00:00.553962
1162	7	7	1.15	1	0:00:00.552905
1163	3	7	0.0247	0	0:00:00.557278
1164	8	8	0.177	1	0:00:00.550360
1165	0	0	0.914	1	0:00:00.554238
1166	3	-1	0.0	0	0:00:00.555107
1167	4	2	0.716	0	0:00:00.552628
1168	3	5	0.285	0	0:00:00.555986
1169	7	7	0.697	1	0:00:00.557498
1170	7	7	1.34	1	0:00:00.551218
1171	9	9	1.16	1	0:00:00.554842
1172	2	2	0.584	1	0:00:00.557540
1173	3	3	0.784	1	0:00:00.551214
1174	1	1	1.08	1	0:00:00.557505
1175	9	9	1.48	1	0:00:00.552838
1176	1	1	0.428	1	0:00:00.557130
1177	9	9	0.497	1	0:00:00.553382
1178	6	2	0.869	0	0:00:00.551925
1179	3	3	0.356	1	0:00:00.553781
1180	3	3	0.86	1	0:00:00.550654
1181	3	6	0.269	0	0:00:00.556139
1182	1	1	0.0669	1	0:00:00.551695
1183	0	0	1.12	1	0:00:00.557110
1184	6	6	1.12	1	0:00:00.552638
1185	1	1	0.101	1	0:00:00.553919
1186	4	4	0.783	1	0:00:00.557283
1187	1	1	0.473	1	0:00:00.558730
1188	0	0	1.11	1	0:00:00.551925
1189	0	0	0.334	1	0:00:00.554655
1190	1	1	0.928	1	0:00:00.553220
1191	1	1	0.394	1	0:00:00.552029
1192	6	6	0.207	1	0:00:00.555839
1193	5	5	0.235	1	0:00:00.549561
1194	4	4	0.92	1	0:00:00.555286
1195	6	6	1.05	1	0:00:00.556220
1196	2	2	0.941	1	0:00:00.552295
1197	0	0	0.658	1	0:00:00.554303
1198	7	7	1.55	1	0:00:00.550479
1199	9	-1	0.0	0	0:00:00.552200
1200	8	8	0.777	1	0:00:00.555117
1201	7	7	0.59	1	0:00:00.551009
1202	2	2	1.22	1	0:00:00.557657
1203	0	0	0.11	1	0:00:00.551441
1204	6	6	0.924	1	0:00:00.548322
1205	8	8	0.616	1	0:00:00.556549
1206	1	1	1.68	1	0:00:00.554806
1207	4	8	0.11	0	0:00:00.550920
1208	3	-1	0.0	0	0:00:00.553019
1209	7	7	0.8	1	0:00:00.550664
1210	0	0	1.01	1	0:00:00.554661
1211	6	-1	0.0	0	0:00:00.550631
1212	1	1	1.11	1	0:00:00.556498
1213	8	8	1.91	1	0:00:00.553471
1214	5	5	1.32	1	0:00:00.552989
1215	7	7	1.75	1	0:00:00.556647
1216	8	8	0.369	1	0:00:00.548940
1217	4	4	0.387	1	0:00:00.548402
1218	8	8	0.147	1	0:00:00.554316
1219	3	5	0.418	0	0:00:00.555816
1220	9	-1	0.0	0	0:00:00.554864
1221	9	9	0.0968	1	0:00:00.556265
1222	9	-1	0.0	0	0:00:00.548179
1223	8	0	1.43	0	0:00:00.556165
1224	7	4	0.287	0	0:00:00.554945
1225	6	6	0.851	1	0:00:00.551784
1226	6	6	0.468	1	0:00:00.557215
1227	3	3	0.41	1	0:00:00.551666
1228	5	3	0.372	0	0:00:00.553334
1229	1	1	1.46	1	0:00:00.553278
1230	5	3	0.343	0	0:00:00.554754
1231	9	9	1.24	1	0:00:00.557447
1232	1	1	0.863	1	0:00:00.549456
1233	4	4	0.946	1	0:00:00.554089
1234	1	1	1.07	1	0:00:00.551352
1235	5	5	0.684	1	0:00:00.551724
1236	7	3	0.4	0	0:00:00.554563
1237	0	0	1.08	1	0:00:00.556560
1238	1	1	1.61	1	0:00:00.548340
1239	5	-1	0.0	0	0:00:00.550835
1240	2	6	0.542	0	0:00:00.556502
1241	0	0	0.628	1	0:00:00.552396
1242	8	-1	0.0	0	0:00:00.550885
1243	8	8	1.39	1	0:00:00.556032
1244	5	5	0.559	1	0:00:00.550102
1245	6	6	0.376	1	0:00:00.552575
1246	7	7	0.214	1	0:00:00.556744
1247	3	5	0.00258	0	0:00:00.547710
1248	2	4	0.115	0	0:00:00.553916
1249	4	4	0.13	1	0:00:00.553337
1250	7	7	0.963	1	0:00:00.550308
1251	2	5	0.0782	0	0:00:00.556112
1252	5	5	0.975	1	0:00:00.552019
1253	8	8	0.939	1	0:00:00.551682
1254	2	2	0.775	1	0:00:00.552266
1255	4	4	0.579	1	0:00:00.555644
1256	9	8	0.795	0	0:00:00.557118
1257	2	-1	0.0	0	0:00:00.550511
1258	1	1	0.132	1	0:00:00.557577
1259	8	8	1.02	1	0:00:00.553275
1260	1	9	0.0269	0	0:00:00.553857
1261	9	-1	0.0	0	0:00:00.556227
1262	8	8	1.55	1	0:00:00.550331
1263	8	0	0.109	0	0:00:00.551637
1264	8	8	0.25	1	0:00:00.553880
1265	9	1	0.782	0	0:00:00.551013
1266	0	8	0.488	0	0:00:00.552584
1267	4	4	0.721	1	0:00:00.555387
1268	3	-1	0.0	0	0:00:00.547474
1269	3	3	1.04	1	0:00:00.548399
1270	1	1	0.468	1	0:00:00.556242
1271	8	8	1.51	1	0:00:00.551513
1272	4	7	0.951	0	0:00:00.555433
1273	6	6	0.283	1	0:00:00.550782
1274	3	-1	0.0	0	0:00:00.553256
1275	3	3	0.168	1	0:00:00.551268
1276	5	1	0.565	0	0:00:00.552011
1277	2	3	0.0243	0	0:00:00.552608
1278	2	2	0.297	1	0:00:00.552696
1279	8	8	0.863	1	0:00:00.551580
1280	3	-1	0.0	0	0:00:00.544840
1281	8	8	1.5	1	0:00:00.553748
1282	9	9	0.698	1	0:00:00.553082
1283	5	5	0.349	1	0:00:00.552560
1284	8	5	0.305	0	0:00:00.557573
1285	9	-1	0.0	0	0:00:00.550495
1286	8	-1	0.0	0	0:00:00.553640
1287	9	0	0.213	0	0:00:00.557580
1288	1	1	1.4	1	0:00:00.550711
1289	6	6	0.747	1	0:00:00.556846
1290	5	5	1.14	1	0:00:00.551903
1291	9	9	1.03	1	0:00:00.547165
1292	4	4	0.933	1	0:00:00.555363
1293	4	4	0.0389	1	0:00:00.554739
1294	8	8	0.37	1	0:00:00.552755
1295	0	0	1.36	1	0:00:00.552058
1296	7	7	0.749	1	0:00:00.552538
1297	2	2	0.47	1	0:00:00.555160
1298	9	9	1.71	1	0:00:00.548674
1299	7	9	0.116	0	0:00:00.553962
1300	4	3	0.367	0	0:00:00.556779
1301	1	1	1.8	1	0:00:00.551402
1302	6	5	0.463	0	0:00:00.555223
1303	4	3	0.395	0	0:00:00.550527
1304	4	8	0.472	0	0:00:00.555419
1305	9	9	0.693	1	0:00:00.551103
1306	1	-1	0.0	0	0:00:00.551780
1307	2	0	1.17	0	0:00:00.559939
1308	5	4	0.186	0	0:00:00.555160
1309	6	6	0.406	1	0:00:00.549611
1310	0	0	1.8	1	0:00:00.553550
1311	8	8	0.991	1	0:00:00.551739
1312	6	6	0.845	1	0:00:00.544328
1313	1	1	0.923	1	0:00:00.551623
1314	9	9	1.35	1	0:00:00.556670
1315	4	2	0.162	0	0:00:00.553175
1316	5	5	1.55	1	0:00:00.554008
1317	9	9	1.91	1	0:00:00.547303
1318	5	5	0.628	1	0:00:00.551378
1319	0	0	0.749	1	0:00:00.555708
1320	7	-1	0.0	0	0:00:00.548603
1321	2	2	0.519	1	0:00:00.554663
1322	0	0	0.889	1	0:00:00.546444
1323	0	8	0.357	0	0:00:00.551444
1324	4	4	0.165	1	0:00:00.556131
1325	2	4	0.022	0	0:00:00.550125
1326	6	6	0.269	1	0:00:00.547175
1327	6	6	1.43	1	0:00:00.552194
1328	5	-1	0.0	0	0:00:00.557787
1329	5	7	0.277	0	0:00:00.550622
1330	2	3	0.0313	0	0:00:00.551137
1331	8	8	1.52	1	0:00:00.551063
1332	1	1	0.0553	1	0:00:00.551088
1333	7	-1	0.0	0	0:00:00.555583
1334	3	2	0.329	0	0:00:00.550493
1335	1	1	0.966	1	0:00:00.555048
1336	4	4	0.207	1	0:00:00.555083
1337	5	-1	0.0	0	0:00:00.545739
1338	6	6	1.32	1	0:00:00.546259
1339	5	3	0.038	0	0:00:00.555456
1340	1	1	1.04	1	0:00:00.555374
1341	4	4	0.369	1	0:00:00.547683
1342	7	7	0.548	1	0:00:00.555055
1343	0	0	1.36	1	0:00:00.553993
1344	9	9	0.29	1	0:00:00.549755
1345	4	2	0.198	0	0:00:00.555446
1346	3	5	0.154	0	0:00:00.549674
1347	8	8	1.91	1	0:00:00.550441
1348	2	-1	0.0	0	0:00:00.557374
1349	8	8	1.6	1	0:00:00.551759
1350	4	6	0.0918	0	0:00:00.556791
1351	7	7	1.66	1	0:00:00.557387
1352	2	4	0.208	0	0:00:00.550345
1353	3	-1	0.0	0	0:00:00.553271
1354	1	1	1.12	1	0:00:00.552519
1355	5	3	0.0151	0	0:00:00.554553
1356	2	2	0.0911	1	0:00:00.552908
1357	9	9	0.164	1	0:00:00.555283
1358	8	8	1.06	1	0:00:00.549677
1359	9	9	1.8	1	0:00:00.550034
1360	7	7	0.776	1	0:00:00.556255
1361	9	9	1.05	1	0:00:00.549526
1362	5	5	0.393	1	0:00:00.550366
1363	1	1	1.24	1	0:00:00.557908
1364	4	4	1.53	1	0:00:00.551624
1365	0	0	0.979	1	0:00:00.554255
1366	8	8	1.35	1	0:00:00.555502
1367	2	2	0.375	1	0:00:00.550694
1368	3	3	0.909	1	0:00:00.553958
1369	8	8	1.24	1	0:00:00.557821
1370	9	9	0.386	1	0:00:00.550050
1371	1	1	1.21	1	0:00:00.546586
1372	1	9	0.188	0	0:00:00.554642
1373	3	-1	0.0	0	0:00:00.553330
1374	2	-1	0.0	0	0:00:00.546646
1375	4	4	1.56	1	0:00:00.553477
1376	9	9	0.295	1	0:00:00.552758
1377	3	-1	0.0	0	0:00:00.547932
1378	1	1	0.45	1	0:00:00.553749
1379	7	7	0.623	1	0:00:00.553626
1380	4	5	0.237	0	0:00:00.547080
1381	6	6	0.368	1	0:00:00.556000
1382	2	0	0.334	0	0:00:00.553618
1383	8	-1	0.0	0	0:00:00.549469
1384	9	9	0.515	1	0:00:00.556190
1385	5	5	1.01	1	0:00:00.555690
1386	3	3	0.946	1	0:00:00.547841
1387	9	9	1.91	1	0:00:00.553027
1388	5	-1	0.0	0	0:00:00.554229
1389	5	4	0.275	0	0:00:00.553328
1390	6	6	1.29	1	0:00:00.553903
1391	7	-1	0.0	0	0:00:00.552348
1392	2	2	1.21	1	0:00:00.548145
1393	4	-1	0.0	0	0:00:00.556246
1394	6	5	0.386	0	0:00:00.555467
1395	3	-1	0.0	0	0:00:00.545718
1396	1	1	0.507	1	0:00:00.548668
1397	0	0	1.49	1	0:00:00.556466
1398	7	7	0.29	1	0:00:00.552195
1399	2	2	0.104	1	0:00:00.555086
1400	5	3	0.0479	0	0:00:00.555322
1401	4	-1	0.0	0	0:00:00.544909
1402	7	7	0.534	1	0:00:00.550956
1403	6	4	0.277	0	0:00:00.557837
1404	1	1	1.14	1	0:00:00.550436
1405	1	1	0.305	1	0:00:00.546432
1406	9	9	0.306	1	0:00:00.554272
1407	8	8	0.101	1	0:00:00.554120
1408	1	1	1.01	1	0:00:00.555840
1409	0	0	0.352	1	0:00:00.550411
1410	1	1	1.8	1	0:00:00.550311
1411	3	3	0.595	1	0:00:00.549510
1412	1	1	1.42	1	0:00:00.552095
1413	1	1	0.688	1	0:00:00.551330
1414	1	1	0.939	1	0:00:00.549515
1415	7	7	0.56	1	0:00:00.555804
1416	3	-1	0.0	0	0:00:00.548003
1417	9	9	0.219	1	0:00:00.553259
1418	6	6	0.189	1	0:00:00.553821
1419	8	8	1.8	1	0:00:00.550599
1420	4	4	0.194	1	0:00:00.547337
1421	6	6	1.04	1	0:00:00.553889
1422	8	8	0.151	1	0:00:00.551881
1423	4	4	0.917	1	0:00:00.558099
1424	9	9	0.907	1	0:00:00.551356
1425	4	-1	0.0	0	0:00:00.552711
1426	7	7	1.42	1	0:00:00.554525
1427	9	9	0.913	1	0:00:00.551135
1428	7	7	0.198	1	0:00:00.554550
1429	6	6	0.22	1	0:00:00.547879
1430	8	8	0.156	1	0:00:00.556535
1431	4	4	0.793	1	0:00:00.552616
1432	9	9	1.68	1	0:00:00.551714
1433	7	7	0.392	1	0:00:00.549669
1434	0	0	0.0585	1	0:00:00.556441
1435	1	1	1.34	1	0:00:00.549616
1436	6	6	1.59	1	0:00:00.547984
1437	1	1	0.754	1	0:00:00.556487
1438	5	-1	0.0	0	0:00:00.550240
1439	9	9	0.156	1	0:00:00.549723
1440	0	8	0.124	0	0:00:00.554802
1441	4	4	0.505	1	0:00:00.551723
1442	3	5	0.584	0	0:00:00.549746
1443	4	4	0.0918	1	0:00:00.553995
1444	1	1	1.51	1	0:00:00.553791
1445	3	3	0.302	1	0:00:00.551110
1446	0	0	0.713	1	0:00:00.551241
1447	8	8	0.737	1	0:00:00.550409
1448	4	4	1.09	1	0:00:00.553066
1449	6	6	1.68	1	0:00:00.549756
1450	2	2	0.608	1	0:00:00.548907
1451	2	6	0.113	0	0:00:00.553345
1452	6	3	0.238	0	0:00:00.545122
1453	5	-1	0.0	0	0:00:00.548444
1454	3	5	0.0564	0	0:00:00.556809
1455	6	6	0.633	1	0:00:00.552540
1456	2	-1	0.0	0	0:00:00.553627
1457	1	1	1.13	1	0:00:00.552474
1458	1	1	0.973	1	0:00:00.549231
1459	8	8	0.397	1	0:00:00.560507
1460	6	6	0.92	1	0:00:00.555796
1461	0	0	1.0	1	0:00:00.546020
1462	4	4	0.147	1	0:00:00.549832
1463	0	0	0.461	1	0:00:00.555982
1464	1	1	0.359	1	0:00:00.550789
1465	9	9	0.368	1	0:00:00.551485
1466	7	7	1.91	1	0:00:00.553338
1467	1	1	0.882	1	0:00:00.556887
1468	3	3	0.0929	1	0:00:00.547908
1469	7	7	1.23	1	0:00:00.548081
1470	7	-1	0.0	0	0:00:00.550463
1471	8	8	0.209	1	0:00:00.555402
1472	7	7	0.634	1	0:00:00.545549
1473	7	7	1.8	1	0:00:00.550198
1474	3	7	0.298	0	0:00:00.557407
1475	9	9	1.21	1	0:00:00.552669
1476	7	7	1.63	1	0:00:00.550144
1477	7	7	0.309	1	0:00:00.547980
1478	7	7	0.149	1	0:00:00.547740
1479	2	-1	0.0	0	0:00:00.555203
1480	1	1	0.653	1	0:00:00.555251
1481	2	2	1.32	1	0:00:00.546415
1482	8	8	0.852	1	0:00:00.550339
1483	6	6	0.921	1	0:00:00.555009
1484	4	4	0.00158	1	0:00:00.550546
1485	0	0	0.876	1	0:00:00.554556
1486	7	7	1.11	1	0:00:00.551994
1487	9	9	0.9	1	0:00:00.554595
1488	8	8	0.863	1	0:00:00.554346
1489	6	6	0.212	1	0:00:00.548387
1490	8	8	1.91	1	0:00:00.554406
1491	4	-1	0.0	0	0:00:00.555251
1492	9	-1	0.0	0	0:00:00.546073
1493	1	1	0.491	1	0:00:00.552706
1494	7	7	0.147	1	0:00:00.553364
1495	2	0	0.448	0	0:00:00.553187
1496	2	2	0.361	1	0:00:00.551600
1497	8	8	1.71	1	0:00:00.549626
1498	5	3	1.14	0	0:00:00.556625
1499	8	8	0.0785	1	0:00:00.550001
1500	1	1	0.683	1	0:00:00.546017
1501	2	-1	0.0	0	0:00:00.554421
1502	2	-1	0.0	0	0:00:00.550058
1503	4	4	0.0384	1	0:00:00.553022
1504	1	-1	0.0	0	0:00:00.551357
1505	2	-1	0.0	0	0:00:00.553223
1506	5	7	1.01	0	0:00:00.551163
1507	2	9	0.279	0	0:00:00.551665
1508	8	8	1.07	1	0:00:00.551994
1509	1	1	0.502	1	0:00:00.549339
1510	8	4	0.138	0	0:00:00.552669
1511	1	1	1.91	1	0:00:00.552096
1512	8	8	0.471	1	0:00:00.554174
1513	6	5	0.046	0	0:00:00.549675
1514	0	-1	0.0	0	0:00:00.557217
1515	2	2	0.279	1	0:00:00.551883
1516	4	4	0.634	1	0:00:00.551554
1517	1	1	1.22	1	0:00:00.554766
1518	3	-1	0.0	0	0:00:00.554462
1519	6	6	0.978	1	0:00:00.552553
1520	7	7	0.944	1	0:00:00.544749
1521	7	7	0.38	1	0:00:00.551512
1522	4	4	0.852	1	0:00:00.553462
1523	4	4	0.767	1	0:00:00.553853
1524	3	3	0.36	1	0:00:00.548804
1525	3	-1	0.0	0	0:00:00.545771
1526	4	-1	0.0	0	0:00:00.554628
1527	5	3	0.0929	0	0:00:00.555368
1528	2	2	1.19	1	0:00:00.547739
1529	4	-1	0.0	0	0:00:00.556524
1530	3	-1	0.0	0	0:00:00.550904
1531	7	7	0.249	1	0:00:00.542407
1532	8	0	0.237	0	0:00:00.550970
1533	4	4	0.148	1	0:00:00.555759
1534	4	4	0.337	1	0:00:00.551919
1535	4	2	0.539	0	0:00:00.554455
1536	5	-1	0.0	0	0:00:00.545531
1537	4	4	0.127	1	0:00:00.548800
1538	3	-1	0.0	0	0:00:00.555927
1539	2	-1	0.0	0	0:00:00.553042
1540	8	8	1.24	1	0:00:00.553106
1541	4	4	0.581	1	0:00:00.554045
1542	5	5	0.645	1	0:00:00.547344
1543	5	3	0.0781	0	0:00:00.546064
1544	4	4	0.717	1	0:00:00.553968
1545	1	9	0.105	0	0:00:00.550713
1546	4	4	0.687	1	0:00:00.547781
1547	2	2	0.276	1	0:00:00.553770
1548	5	5	0.157	1	0:00:00.552974
1549	1	1	0.0892	1	0:00:00.546842
1550	6	6	0.728	1	0:00:00.553133
1551	4	2	0.016	0	0:00:00.551483
1552	3	-1	0.0	0	0:00:00.548992
1553	4	4	0.345	1	0:00:00.550314
1554	4	6	0.0729	0	0:00:00.552400
1555	0	0	0.772	1	0:00:00.550284
1556	8	8	0.653	1	0:00:00.550010
1557	8	8	0.863	1	0:00:00.552953
1558	4	4	0.682	1	0:00:00.545993
1559	5	5	0.541	1	0:00:00.553386
1560	7	7	1.91	1	0:00:00.553785
1561	5	5	0.911	1	0:00:00.551390
1562	6	6	1.48	1	0:00:00.553725
1563	9	9	1.43	1	0:00:00.550431
1564	1	1	0.839	1	0:00:00.552909
1565	6	6	0.182	1	0:00:00.552285
1566	7	7	0.467	1	0:00:00.552561
1567	2	2	0.755	1	0:00:00.552027
1568	0	0	0.317	1	0:00:00.548263
1569	1	1	0.899	1	0:00:00.553699
1570	4	4	0.0919	1	0:00:00.551906
1571	5	5	0.295	1	0:00:00.549233
1572	6	-1	0.0	0	0:00:00.553897
1573	0	-1	0.0	0	0:00:00.550700
1574	0	9	0.26	0	0:00:00.546416
1575	2	2	0.354	1	0:00:00.550980
1576	7	6	0.137	0	0:00:00.553655
1577	5	-1	0.0	0	0:00:00.547754
1578	6	6	0.418	1	0:00:00.553997
1579	0	0	1.51	1	0:00:00.556968
1580	6	1	0.0597	0	0:00:00.551328
1581	2	-1	0.0	0	0:00:00.551556
1582	9	9	1.91	1	0:00:00.553483
1583	1	3	0.424	0	0:00:00.553622
1584	7	7	0.0102	1	0:00:00.549312
1585	7	7	1.66	1	0:00:00.549831
1586	5	5	1.01	1	0:00:00.547911
1587	2	0	0.42	0	0:00:00.551049
1588	5	5	0.667	1	0:00:00.545480
1589	6	6	1.8	1	0:00:00.553680
1590	4	2	0.157	0	0:00:00.550039
1591	1	1	1.91	1	0:00:00.544805
1592	4	4	0.642	1	0:00:00.553331
1593	3	3	0.476	1	0:00:00.553911
1594	3	3	0.198	1	0:00:00.545358
1595	3	6	0.236	0	0:00:00.553119
1596	0	0	1.07	1	0:00:00.557275
1597	3	3	0.281	1	0:00:00.550503
1598	5	5	0.309	1	0:00:00.548820
1599	5	5	0.819	1	0:00:00.552215
1600	8	-1	0.0	0	0:00:00.554486
1601	9	9	0.635	1	0:00:00.544989
1602	7	7	0.203	1	0:00:00.549229
1603	3	3	0.26	1	0:00:00.554601
1604	1	1	1.47	1	0:00:00.551642
1605	3	2	0.106	0	0:00:00.550559
1606	3	-1	0.0	0	0:00:00.557400
1607	3	5	0.0648	0	0:00:00.554012
1608	4	4	0.35	1	0:00:00.546228
1609	4	4	0.127	1	0:00:00.554893
1610	2	0	0.0326	0	0:00:00.554573
1611	3	3	0.678	1	0:00:00.544396
1612	3	-1	0.0	0	0:00:00.551546
1613	8	8	0.5	1	0:00:00.553340
1614	1	1	1.8	1	0:00:00.549553
1615	7	7	1.25	1	0:00:00.557451
1616	7	7	0.986	1	0:00:00.553016
1617	0	0	1.75	1	0:00:00.548460
1618	7	7	0.126	1	0:00:00.554542
1619	4	4	0.787	1	0:00:00.547509
1620	5	-1	0.0	0	0:00:00.549539
1621	1	1	1.29	1	0:00:00.551241
1622	4	-1	0.0	0	0:00:00.550245
1623	2	2	0.0442	1	0:00:00.550372
1624	4	4	0.605	1	0:00:00.552760
1625	3	3	0.504	1	0:00:00.550346
1626	9	-1	0.0	0	0:00:00.552493
1627	9	9	1.8	1	0:00:00.551013
1628	4	-1	0.0	0	0:00:00.547371
1629	9	9	0.955	1	0:00:00.552980
1630	9	9	0.77	1	0:00:00.551809
1631	1	1	0.432	1	0:00:00.548355
1632	8	8	0.574	1	0:00:00.551395
1633	1	8	0.00246	0	0:00:00.550519
1634	6	6	0.92	1	0:00:00.554497
1635	7	7	0.633	1	0:00:00.548557
1636	5	6	0.432	0	0:00:00.556650
1637	5	5	0.308	1	0:00:00.548983
1638	4	-1	0.0	0	0:00:00.550466
1639	9	9	0.719	1	0:00:00.555120
1640	7	3	0.381	0	0:00:00.553270
1641	6	6	0.537	1	0:00:00.550386
1642	5	5	0.0739	1	0:00:00.554353
1643	9	9	0.656	1	0:00:00.549398
1644	2	-1	0.0	0	0:00:00.554532
1645	4	4	0.631	1	0:00:00.548623
1646	0	0	1.05	1	0:00:00.556458
1647	7	7	0.891	1	0:00:00.550377
1648	8	8	0.592	1	0:00:00.548366
1649	5	-1	0.0	0	0:00:00.553661
1650	5	5	1.91	1	0:00:00.555069
1651	0	0	1.02	1	0:00:00.545099
1652	0	0	1.46	1	0:00:00.550884
1653	9	8	0.141	0	0:00:00.556718
1654	9	9	0.63	1	0:00:00.548786
1655	8	8	1.16	1	0:00:00.552311
1656	2	2	0.0836	1	0:00:00.557422
1657	5	5	0.668	1	0:00:00.550871
1658	4	4	0.285	1	0:00:00.556835
1659	8	8	1.31	1	0:00:00.554609
1660	3	3	0.611	1	0:00:00.548849
1661	6	6	0.194	1	0:00:00.550295
1662	3	9	0.538	0	0:00:00.553126
1663	6	6	0.148	1	0:00:00.550951
1664	0	0	1.37	1	0:00:00.550987
1665	6	6	1.41	1	0:00:00.551095
1666	6	6	0.33	1	0:00:00.554998
1667	6	6	0.193	1	0:00:00.548724
1668	9	1	0.202	0	0:00:00.541520
1669	6	6	0.101	1	0:00:00.545510
1670	6	4	0.404	0	0:00:00.552924
1671	8	8	1.91	1	0:00:00.558182
1672	6	6	0.615	1	0:00:00.550764
1673	2	6	0.694	0	0:00:00.543203
1674	4	4	0.288	1	0:00:00.549132
1675	5	-1	0.0	0	0:00:00.555802
1676	8	8	0.972	1	0:00:00.557810
1677	1	1	1.8	1	0:00:00.549547
1678	2	2	0.0748	1	0:00:00.551327
1679	7	7	1.18	1	0:00:00.556732
1680	6	6	0.891	1	0:00:00.550182
1681	5	-1	0.0	0	0:00:00.554111
1682	7	7	0.596	1	0:00:00.551231
1683	8	-1	0.0	0	0:00:00.544073
1684	1	9	0.433	0	0:00:00.551123
1685	8	-1	0.0	0	0:00:00.557533
1686	0	8	0.762	0	0:00:00.551358
1687	8	8	0.479	1	0:00:00.551157
1688	6	6	0.412	1	0:00:00.555836
1689	9	7	0.479	0	0:00:00.546752
1690	2	0	0.544	0	0:00:00.554367
1691	8	8	1.59	1	0:00:00.557783
1692	9	9	0.899	1	0:00:00.548782
1693	4	8	0.102	0	0:00:00.551261
1694	0	0	1.91	1	0:00:00.551211
1695	9	9	0.431	1	0:00:00.545813
1696	4	4	0.525	1	0:00:00.553000
1697	9	9	0.597	1	0:00:00.557825
1698	5	5	0.33	1	0:00:00.548963
1699	7	7	0.83	1	0:00:00.546433
1700	5	5	0.00477	1	0:00:00.555926
1701	5	5	0.382	1	0:00:00.550289
1702	9	8	0.0355	0	0:00:00.548435
1703	5	5	1.01	1	0:00:00.554739
1704	3	0	0.0889	0	0:00:00.547907
1705	0	0	1.91	1	0:00:00.550337
1706	1	1	1.3	1	0:00:00.557982
1707	9	9	1.23	1	0:00:00.551674
1708	7	7	0.156	1	0:00:00.554185
1709	2	-1	0.0	0	0:00:00.556026
1710	4	4	0.372	1	0:00:00.548108
1711	1	1	1.51	1	0:00:00.550709
1712	0	0	1.57	1	0:00:00.554837
1713	8	1	0.356	0	0:00:00.549714
1714	0	0	1.04	1	0:00:00.551996
1715	3	-1	0.0	0	0:00:00.550547
1716	1	1	0.673	1	0:00:00.552466
1717	7	7	1.28	1	0:00:00.552523
1718	0	8	0.894	0	0:00:00.557460
1719	0	0	1.32	1	0:00:00.549362
1720	4	4	0.37	1	0:00:00.548426
1721	8	-1	0.0	0	0:00:00.558380
1722	6	6	0.885	1	0:00:00.554806
1723	2	7	0.504	0	0:00:00.545042
1724	4	2	0.111	0	0:00:00.555750
1725	0	0	1.8	1	0:00:00.555174
1726	0	0	1.08	1	0:00:00.545819
1727	9	8	0.466	0	0:00:00.551393
1728	0	-1	0.0	0	0:00:00.555282
1729	8	8	1.91	1	0:00:00.553310
1730	4	0	0.374	0	0:00:00.557504
1731	5	6	0.619	0	0:00:00.550751
1732	9	-1	0.0	0	0:00:00.549110
1733	3	3	1.28	1	0:00:00.551704
1734	9	9	0.839	1	0:00:00.551702
1735	0	0	0.844	1	0:00:00.550882
1736	5	6	0.469	0	0:00:00.555606
1737	6	-1	0.0	0	0:00:00.551745
1738	5	5	0.655	1	0:00:00.544693
1739	0	-1	0.0	0	0:00:00.551342
1740	1	9	0.337	0	0:00:00.551019
1741	4	5	0.118	0	0:00:00.548724
1742	8	8	1.75	1	0:00:00.551428
1743	1	1	1.91	1	0:00:00.550397
1744	0	0	0.894	1	0:00:00.551356
1745	5	5	0.907	1	0:00:00.552182
1746	2	-1	0.0	0	0:00:00.554557
1747	1	1	0.326	1	0:00:00.549156
1748	0	0	1.15	1	0:00:00.546823
1749	2	-1	0.0	0	0:00:00.554906
1750	8	8	0.562	1	0:00:00.550259
1751	1	1	1.25	1	0:00:00.553181
1752	5	5	0.835	1	0:00:00.554729
1753	6	6	0.686	1	0:00:00.545998
1754	7	7	1.52	1	0:00:00.554380
1755	7	7	0.93	1	0:00:00.552324
1756	2	-1	0.0	0	0:00:00.548014
1757	6	6	0.582	1	0:00:00.556753
1758	2	2	1.13	1	0:00:00.551248
1759	5	5	0.863	1	0:00:00.544723
1760	0	0	0.335	1	0:00:00.553661
1761	1	1	1.37	1	0:00:00.552110
1762	4	4	0.15	1	0:00:00.554082
1763	2	-1	0.0	0	0:00:00.549770
1764	5	-1	0.0	0	0:00:00.550444
1765	4	4	0.126	1	0:00:00.558355
1766	6	-1	0.0	0	0:00:00.551341
1767	2	4	0.178	0	0:00:00.554550
1768	2	2	0.653	1	0:00:00.554218
1769	1	0	0.122	0	0:00:00.549213
1770	7	7	0.487	1	0:00:00.551261
1771	2	2	0.309	1	0:00:00.545212
1772	8	9	0.13	0	0:00:00.552955
1773	5	5	0.654	1	0:00:00.558195
1774	5	5	0.175	1	0:00:00.548089
1775	3	3	0.565	1	0:00:00.552269
1776	0	0	1.64	1	0:00:00.549885
1777	4	4	0.304	1	0:00:00.547884
1778	8	8	0.408	1	0:00:00.547961
1779	3	5	0.151	0	0:00:00.554794
1780	7	7	0.854	1	0:00:00.556043
1781	6	6	1.34	1	0:00:00.547595
1782	3	-1	0.0	0	0:00:00.550316
1783	8	8	1.14	1	0:00:00.554960
1784	1	1	1.21	1	0:00:00.548003
1785	0	2	0.128	0	0:00:00.552060
1786	1	1	0.142	1	0:00:00.553793
1787	3	0	0.0133	0	0:00:00.548684
1788	3	5	0.0705	0	0:00:00.554892
1789	0	0	0.407	1	0:00:00.548836
1790	7	5	0.241	0	0:00:00.548528
1791	4	6	0.16	0	0:00:00.552825
1792	9	9	1.91	1	0:00:00.556730
1793	5	5	1.21	1	0:00:00.546017
1794	3	3	0.164	1	0:00:00.553172
1795	6	6	0.199	1	0:00:00.553105
1796	0	0	1.66	1	0:00:00.545302
1797	1	1	0.899	1	0:00:00.550183
1798	4	-1	0.0	0	0:00:00.556821
1799	4	-1	0.0	0	0:00:00.549657
1800	4	0	0.0532	0	0:00:00.551941
1801	4	4	1.56	1	0:00:00.551053
1802	2	2	0.126	1	0:00:00.552391
1803	2	-1	0.0	0	0:00:00.550174
1804	5	-1	0.0	0	0:00:00.553951
1805	8	8	0.911	1	0:00:00.548082
1806	1	1	0.117	1	0:00:00.553507
1807	5	-1	0.0	0	0:00:00.550176
1808	9	9	0.219	1	0:00:00.544377
1809	8	8	0.481	1	0:00:00.550605
1810	1	1	0.435	1	0:00:00.551333
1811	1	8	0.355	0	0:00:00.554336
1812	5	7	0.109	0	0:00:00.547437
1813	3	2	0.185	0	0:00:00.555692
1814	9	9	0.525	1	0:00:00.552826
1815	9	9	1.16	1	0:00:00.545160
1816	7	7	0.561	1	0:00:00.551007
1817	6	6	0.774	1	0:00:00.555881
1818	5	5	0.653	1	0:00:00.548949
1819	0	0	0.957	1	0:00:00.552224
1820	8	8	0.0902	1	0:00:00.552316
1821	4	-1	0.0	0	0:00:00.552080
1822	7	-1	0.0	0	0:00:00.558043
1823	0	-1	0.0	0	0:00:00.550317
1824	9	9	0.895	1	0:00:00.552682
1825	2	2	1.47	1	0:00:00.557727
1826	8	8	1.4	1	0:00:00.550097
1827	4	4	1.1	1	0:00:00.551087
1828	7	7	0.0142	1	0:00:00.550582
1829	1	9	0.216	0	0:00:00.556603
1830	3	2	0.186	0	0:00:00.553074
1831	9	9	0.79	1	0:00:00.545568
1832	6	-1	0.0	0	0:00:00.554222
1833	8	8	1.6	1	0:00:00.556064
1834	9	9	0.131	1	0:00:00.546414
1835	0	4	0.236	0	0:00:00.551940
1836	4	4	0.368	1	0:00:00.552128
1837	9	-1	0.0	0	0:00:00.545315
1838	6	-1	0.0	0	0:00:00.551008
1839	7	7	1.91	1	0:00:00.550673
1840	8	-1	0.0	0	0:00:00.550179
1841	9	8	0.294	0	0:00:00.551454
1842	4	4	0.737	1	0:00:00.557231
1843	8	8	1.18	1	0:00:00.549687
1844	9	9	0.535	1	0:00:00.552009
1845	7	-1	0.0	0	0:00:00.551868
1846	2	2	0.44	1	0:00:00.551239
1847	5	3	0.0197	0	0:00:00.555793
1848	3	3	0.696	1	0:00:00.547672
1849	7	7	1.56	1	0:00:00.553705
1850	1	-1	0.0	0	0:00:00.555326
1851	0	0	1.21	1	0:00:00.548697
1852	2	-1	0.0	0	0:00:00.551697
1853	9	9	0.824	1	0:00:00.550945
1854	5	5	0.53	1	0:00:00.554990
1855	5	5	0.556	1	0:00:00.553928
1856	8	8	1.91	1	0:00:00.546157
1857	5	5	1.2	1	0:00:00.550821
1858	4	-1	0.0	0	0:00:00.555544
1859	2	-1	0.0	0	0:00:00.547796
1860	8	8	1.3	1	0:00:00.545469
1861	3	3	0.222	1	0:00:00.552851
1862	5	-1	0.0	0	0:00:00.553499
1863	5	6	0.0346	0	0:00:00.550252
1864	7	7	1.91	1	0:00:00.556857
1865	7	7	0.502	1	0:00:00.552116
1866	8	8	1.75	1	0:00:00.553456
1867	6	6	0.365	1	0:00:00.551419
1868	2	5	0.0419	0	0:00:00.556574
1869	8	8	0.888	1	0:00:00.556317
1870	2	2	1.37	1	0:00:00.548946
1871	3	3	0.191	1	0:00:00.555498
1872	5	5	0.605	1	0:00:00.552442
1873	6	6	0.201	1	0:00:00.546772
1874	8	8	0.68	1	0:00:00.552613
1875	0	0	1.71	1	0:00:00.549536
1876	2	7	0.196	0	0:00:00.551820
1877	3	3	0.497	1	0:00:00.551265
1878	7	7	1.28	1	0:00:00.552906
1879	0	0	0.337	1	0:00:00.556303
1880	1	1	1.24	1	0:00:00.552146
1881	9	9	1.8	1	0:00:00.551545
1882	1	1	0.746	1	0:00:00.550649
1883	3	6	0.264	0	0:00:00.548683
1884	7	-1	0.0	0	0:00:00.555577
1885	5	5	0.499	1	0:00:00.546844
1886	8	9	0.0817	0	0:00:00.547802
1887	3	-1	0.0	0	0:00:00.556775
