idx	label	predict	radius	correct	time
888	0	8	0.935	0	0:00:02.994643
889	4	4	0.0838	1	0:00:02.755504
890	4	2	0.277	0	0:00:02.756936
891	6	6	0.758	1	0:00:02.759054
892	7	7	1.26	1	0:00:02.761077
893	6	-1	0.0	0	0:00:02.763797
894	1	1	1.8	1	0:00:02.761571
895	1	1	1.8	1	0:00:02.764229
896	3	3	0.866	1	0:00:02.765148
897	7	7	0.81	1	0:00:02.761981
898	3	7	0.172	0	0:00:02.762256
899	5	5	1.51	1	0:00:02.765204
900	2	-1	0.0	0	0:00:02.762386
901	6	6	1.25	1	0:00:02.763795
902	6	6	0.72	1	0:00:02.765235
903	5	5	0.5	1	0:00:02.764680
904	8	8	0.413	1	0:00:02.764986
905	7	7	0.0277	1	0:00:02.765620
906	1	1	0.39	1	0:00:02.766097
907	6	6	0.106	1	0:00:02.765670
908	8	8	1.16	1	0:00:02.767385
909	8	8	1.21	1	0:00:02.767766
910	5	-1	0.0	0	0:00:02.768350
911	3	3	1.08	1	0:00:02.768356
912	0	2	0.281	0	0:00:02.767939
913	4	4	0.999	1	0:00:02.767010
914	0	-1	0.0	0	0:00:02.764913
915	1	1	0.861	1	0:00:02.771789
916	3	-1	0.0	0	0:00:02.767992
917	8	8	1.21	1	0:00:02.768739
918	8	8	0.802	1	0:00:02.769894
919	0	0	0.0943	1	0:00:02.770179
920	6	-1	0.0	0	0:00:02.770756
921	9	9	1.91	1	0:00:02.769583
922	9	9	0.764	1	0:00:02.769657
923	9	9	0.0152	1	0:00:02.771424
924	5	5	0.0244	1	0:00:02.771052
925	5	3	1.22	0	0:00:02.773711
926	8	8	1.45	1	0:00:02.771838
927	6	6	0.0409	1	0:00:02.770604
928	0	0	0.108	1	0:00:02.770723
929	0	-1	0.0	0	0:00:02.770634
930	4	4	0.764	1	0:00:02.771929
931	2	2	1.17	1	0:00:02.771235
932	3	3	0.225	1	0:00:02.772881
933	2	-1	0.0	0	0:00:02.771376
934	7	7	1.91	1	0:00:02.775425
935	2	2	1.04	1	0:00:02.771963
936	2	2	0.516	1	0:00:02.772814
937	5	-1	0.0	0	0:00:02.773306
938	9	-1	0.0	0	0:00:02.772702
939	8	8	1.8	1	0:00:02.772502
940	9	9	1.15	1	0:00:02.772609
941	1	-1	0.0	0	0:00:02.772453
942	7	7	0.817	1	0:00:02.772782
943	4	-1	0.0	0	0:00:02.770519
944	0	0	0.792	1	0:00:02.771745
945	3	3	0.247	1	0:00:02.773273
946	0	0	1.43	1	0:00:02.774052
947	1	1	0.0518	1	0:00:02.771681
948	3	-1	0.0	0	0:00:02.773046
949	8	8	0.724	1	0:00:02.773109
950	3	-1	0.0	0	0:00:02.774275
951	9	9	1.48	1	0:00:02.772430
952	6	6	0.393	1	0:00:02.772229
953	1	-1	0.0	0	0:00:02.772686
954	4	4	0.325	1	0:00:02.774077
955	7	7	1.42	1	0:00:02.773000
956	0	-1	0.0	0	0:00:02.772932
957	3	3	0.127	1	0:00:02.773001
958	7	7	0.323	1	0:00:02.775476
959	8	8	1.71	1	0:00:02.774099
960	9	9	0.351	1	0:00:02.775173
961	1	1	0.0589	1	0:00:02.773088
962	1	1	0.217	1	0:00:02.777158
963	6	6	0.982	1	0:00:02.773570
964	6	6	0.00152	1	0:00:02.776244
965	6	-1	0.0	0	0:00:02.775901
966	6	-1	0.0	0	0:00:02.776289
967	9	9	0.763	1	0:00:02.775057
968	1	1	1.36	1	0:00:02.775595
969	9	9	0.914	1	0:00:02.773332
970	9	9	1.11	1	0:00:02.774683
971	4	4	0.332	1	0:00:02.771267
972	2	-1	0.0	0	0:00:02.775264
973	1	1	0.952	1	0:00:02.773902
974	7	2	0.799	0	0:00:02.774017
975	0	0	1.75	1	0:00:02.772398
976	6	6	0.599	1	0:00:02.773263
977	8	8	1.2	1	0:00:02.772012
978	1	1	0.45	1	0:00:02.774796
979	9	9	0.604	1	0:00:02.774313
980	2	6	0.0794	0	0:00:02.772358
981	9	9	0.285	1	0:00:02.774366
982	0	6	0.167	0	0:00:02.774853
983	4	4	0.113	1	0:00:02.772203
984	7	4	0.272	0	0:00:02.775359
985	8	8	1.91	1	0:00:02.772415
986	3	3	0.222	1	0:00:02.774483
987	1	1	0.609	1	0:00:02.774421
988	2	2	0.3	1	0:00:02.774379
989	0	0	0.196	1	0:00:02.770742
990	1	1	0.583	1	0:00:02.774909
991	5	5	0.0744	1	0:00:02.771363
992	8	8	0.302	1	0:00:02.773607
993	4	-1	0.0	0	0:00:02.774704
994	6	-1	0.0	0	0:00:02.776366
995	3	-1	0.0	0	0:00:02.774686
996	8	8	1.04	1	0:00:02.774369
997	1	1	0.168	1	0:00:02.778481
998	3	3	1.26	1	0:00:02.774888
999	8	8	1.26	1	0:00:02.772538
1000	5	5	1.05	1	0:00:02.773327
1001	0	-1	0.0	0	0:00:02.772465
1002	8	-1	0.0	0	0:00:02.774163
1003	4	4	0.725	1	0:00:02.771957
1004	8	8	0.977	1	0:00:02.773718
1005	1	1	0.626	1	0:00:02.776597
1006	1	1	0.606	1	0:00:02.777128
1007	8	8	0.205	1	0:00:02.773535
1008	9	1	0.337	0	0:00:02.774342
1009	6	-1	0.0	0	0:00:02.772288
1010	0	0	1.42	1	0:00:02.774001
1011	8	8	1.16	1	0:00:02.771536
1012	6	6	0.372	1	0:00:02.776227
1013	1	1	1.91	1	0:00:02.773922
1014	3	-1	0.0	0	0:00:02.774627
1015	4	4	0.296	1	0:00:02.772409
1016	1	1	0.354	1	0:00:02.773436
1017	6	6	0.863	1	0:00:02.772321
1018	0	0	1.27	1	0:00:02.772148
1019	5	0	0.0983	0	0:00:02.775283
1020	1	1	1.32	1	0:00:02.775289
1021	1	1	0.203	1	0:00:02.771749
1022	0	0	1.33	1	0:00:02.776517
1023	0	0	0.605	1	0:00:02.773887
1024	3	5	0.104	0	0:00:02.772625
1025	5	5	1.12	1	0:00:02.776861
1026	0	0	0.147	1	0:00:02.774959
1027	0	4	0.28	0	0:00:02.774946
1028	6	6	0.268	1	0:00:02.773312
1029	6	6	0.881	1	0:00:02.774660
1030	3	3	0.674	1	0:00:02.774479
1031	3	3	1.21	1	0:00:02.775522
1032	6	-1	0.0	0	0:00:02.773179
1033	3	3	0.678	1	0:00:02.773605
1034	6	3	0.104	0	0:00:02.773971
1035	6	-1	0.0	0	0:00:02.773428
1036	0	2	0.00948	0	0:00:02.773975
1037	7	7	1.08	1	0:00:02.775947
1038	2	2	1.54	1	0:00:02.773587
1039	2	4	0.219	0	0:00:02.774656
1040	7	-1	0.0	0	0:00:02.775058
1041	5	5	0.655	1	0:00:02.774490
1042	5	2	0.29	0	0:00:02.771743
1043	2	2	0.333	1	0:00:02.772305
1044	8	8	1.48	1	0:00:02.770304
1045	5	-1	0.0	0	0:00:02.773044
1046	2	2	0.759	1	0:00:02.771577
1047	1	-1	0.0	0	0:00:02.772960
1048	1	1	0.804	1	0:00:02.774488
1049	4	-1	0.0	0	0:00:02.773734
1050	3	3	0.0773	1	0:00:02.775188
1051	2	-1	0.0	0	0:00:02.775317
1052	0	0	1.36	1	0:00:02.773851
1053	3	3	0.00296	1	0:00:02.774868
1054	1	1	0.612	1	0:00:02.773566
1055	5	5	0.81	1	0:00:02.776333
1056	3	3	0.433	1	0:00:02.775040
1057	7	5	0.283	0	0:00:02.773755
1058	6	6	0.27	1	0:00:02.774016
1059	8	8	0.883	1	0:00:02.772275
1060	9	9	1.41	1	0:00:02.774302
1061	1	1	0.425	1	0:00:02.773095
1062	6	6	0.175	1	0:00:02.772576
1063	4	4	0.271	1	0:00:02.773609
1064	9	3	0.111	0	0:00:02.773649
1065	3	9	0.293	0	0:00:02.773359
1066	9	1	1.12	0	0:00:02.773037
1067	0	0	1.91	1	0:00:02.773320
1068	9	9	0.907	1	0:00:02.774644
1069	6	6	1.16	1	0:00:02.775176
1070	3	-1	0.0	0	0:00:02.773557
1071	6	6	0.899	1	0:00:02.775741
1072	0	8	0.856	0	0:00:02.777660
1073	7	7	1.59	1	0:00:02.776528
1074	3	3	0.532	1	0:00:02.772137
1075	8	8	0.645	1	0:00:02.772970
1076	0	0	0.406	1	0:00:02.773987
1077	0	0	1.75	1	0:00:02.772765
1078	0	0	1.68	1	0:00:02.771543
1079	6	6	1.06	1	0:00:02.773820
1080	6	6	0.334	1	0:00:02.774574
1081	6	6	0.945	1	0:00:02.775394
1082	9	9	0.32	1	0:00:02.775392
1083	2	5	0.0142	0	0:00:02.774624
1084	5	-1	0.0	0	0:00:02.773141
1085	4	4	1.14	1	0:00:02.771483
1086	4	4	0.192	1	0:00:02.772109
1087	6	6	0.343	1	0:00:02.774504
1088	3	3	0.0331	1	0:00:02.772766
1089	6	6	0.396	1	0:00:02.773734
1090	0	0	0.895	1	0:00:02.771719
1091	8	8	1.31	1	0:00:02.774073
1092	6	6	0.246	1	0:00:02.771735
1093	0	4	0.0399	0	0:00:02.772237
1094	6	3	0.251	0	0:00:02.775205
1095	2	2	0.527	1	0:00:02.772752
1096	7	7	1.68	1	0:00:02.774257
1097	5	5	0.291	1	0:00:02.774554
1098	1	1	0.945	1	0:00:02.772765
1099	2	2	0.219	1	0:00:02.772218
1100	7	7	0.371	1	0:00:02.774733
1101	8	8	1.42	1	0:00:02.774134
1102	8	8	0.649	1	0:00:02.772097
1103	0	0	1.64	1	0:00:02.774529
1104	9	9	0.629	1	0:00:02.773256
1105	4	3	0.708	0	0:00:02.772622
1106	9	9	1.26	1	0:00:02.774308
1107	7	7	1.23	1	0:00:02.773255
1108	2	2	0.814	1	0:00:02.774159
1109	0	8	0.32	0	0:00:02.773348
1110	2	2	1.91	1	0:00:02.776161
1111	8	8	1.23	1	0:00:02.771400
1112	3	3	0.484	1	0:00:02.774375
1113	8	8	0.807	1	0:00:02.772248
1114	9	9	0.636	1	0:00:02.773464
1115	1	1	0.88	1	0:00:02.772413
1116	5	5	0.173	1	0:00:02.772106
1117	5	5	0.697	1	0:00:02.773677
1118	4	4	0.0304	1	0:00:02.771623
1119	7	7	1.14	1	0:00:02.772369
1120	5	2	0.0736	0	0:00:02.775118
1121	3	3	0.364	1	0:00:02.772040
1122	8	8	0.649	1	0:00:02.774125
1123	3	4	0.764	0	0:00:02.772425
1124	3	2	0.357	0	0:00:02.773899
1125	6	6	0.841	1	0:00:02.770404
1126	2	0	0.645	0	0:00:02.770979
1127	8	8	1.09	1	0:00:02.773368
1128	4	3	0.38	0	0:00:02.774258
1129	3	-1	0.0	0	0:00:02.773092
1130	7	-1	0.0	0	0:00:02.774637
1131	1	1	0.163	1	0:00:02.775535
1132	2	6	0.0439	0	0:00:02.772956
1133	4	-1	0.0	0	0:00:02.771115
1134	1	1	0.0889	1	0:00:02.775613
1135	6	6	0.528	1	0:00:02.773792
1136	9	9	0.207	1	0:00:02.777349
1137	0	-1	0.0	0	0:00:02.774929
1138	5	5	0.159	1	0:00:02.773134
1139	8	8	1.91	1	0:00:02.774334
1140	6	6	0.652	1	0:00:02.771716
1141	1	1	1.25	1	0:00:02.773765
1142	8	8	0.707	1	0:00:02.774543
1143	6	6	1.91	1	0:00:02.775900
1144	1	-1	0.0	0	0:00:02.773619
1145	4	-1	0.0	0	0:00:02.775313
1146	2	2	0.0708	1	0:00:02.775020
1147	6	-1	0.0	0	0:00:02.775744
1148	2	6	0.0448	0	0:00:02.776330
1149	7	-1	0.0	0	0:00:02.773858
1150	2	-1	0.0	0	0:00:02.775792
1151	2	2	0.126	1	0:00:02.774114
1152	0	0	0.386	1	0:00:02.775199
1153	8	8	0.434	1	0:00:02.776300
1154	6	6	0.14	1	0:00:02.772568
1155	9	9	0.0789	1	0:00:02.776990
1156	1	-1	0.0	0	0:00:02.775929
1157	7	7	0.783	1	0:00:02.776644
1158	1	1	0.128	1	0:00:02.775051
1159	8	8	0.608	1	0:00:02.778423
1160	8	8	0.356	1	0:00:02.777119
1161	0	0	0.603	1	0:00:02.776579
1162	7	7	1.3	1	0:00:02.775849
1163	3	-1	0.0	0	0:00:02.776783
1164	8	5	0.165	0	0:00:02.775691
1165	0	0	1.14	1	0:00:02.776515
1166	3	-1	0.0	0	0:00:02.774855
1167	4	2	0.523	0	0:00:02.775694
1168	3	3	0.015	1	0:00:02.778258
1169	7	7	1.22	1	0:00:02.779471
1170	7	7	1.14	1	0:00:02.775229
1171	9	9	1.39	1	0:00:02.775319
1172	2	-1	0.0	0	0:00:02.776903
1173	3	3	0.0135	1	0:00:02.779617
1174	1	1	1.68	1	0:00:02.777559
1175	9	9	1.18	1	0:00:02.779431
1176	1	1	0.944	1	0:00:02.777210
1177	9	9	0.577	1	0:00:02.776597
1178	6	2	0.498	0	0:00:02.776465
1179	3	3	0.00421	1	0:00:02.778386
1180	3	3	0.755	1	0:00:02.777972
1181	3	6	0.012	0	0:00:02.778194
1182	1	1	0.368	1	0:00:02.775940
1183	0	0	1.09	1	0:00:02.779588
1184	6	6	1.1	1	0:00:02.774636
1185	1	1	0.169	1	0:00:02.776736
1186	4	4	0.53	1	0:00:02.776469
1187	1	1	0.385	1	0:00:02.778023
1188	0	0	0.417	1	0:00:02.772479
1189	0	0	0.866	1	0:00:02.778042
1190	1	1	1.05	1	0:00:02.777245
1191	1	1	0.47	1	0:00:02.778079
1192	6	6	0.15	1	0:00:02.777853
1193	5	5	0.286	1	0:00:02.776392
1194	4	4	0.967	1	0:00:02.777405
1195	6	6	1.03	1	0:00:02.780498
1196	2	2	0.764	1	0:00:02.777869
1197	0	0	0.768	1	0:00:02.779258
1198	7	7	1.91	1	0:00:02.779400
1199	9	0	0.257	0	0:00:02.780102
1200	8	8	0.138	1	0:00:02.780589
1201	7	7	1.68	1	0:00:02.783236
1202	2	-1	0.0	0	0:00:02.780231
1203	0	0	0.487	1	0:00:02.780273
1204	6	6	0.824	1	0:00:02.776625
1205	8	8	0.825	1	0:00:02.777859
1206	1	1	1.91	1	0:00:02.781550
1207	4	4	0.0107	1	0:00:02.777427
1208	3	-1	0.0	0	0:00:02.778579
1209	7	7	0.439	1	0:00:02.778540
1210	0	0	1.08	1	0:00:02.782035
1211	6	-1	0.0	0	0:00:02.776891
1212	1	1	1.15	1	0:00:02.782381
1213	8	8	1.91	1	0:00:02.780203
1214	5	5	1.55	1	0:00:02.782227
1215	7	7	1.8	1	0:00:02.779776
1216	8	8	1.52	1	0:00:02.783236
1217	4	4	0.555	1	0:00:02.779408
1218	8	8	0.278	1	0:00:02.780168
1219	3	5	0.369	0	0:00:02.778239
1220	9	3	0.144	0	0:00:02.778419
1221	9	9	0.317	1	0:00:02.780979
1222	9	-1	0.0	0	0:00:02.779248
1223	8	0	1.31	0	0:00:02.779707
1224	7	4	0.327	0	0:00:02.776653
1225	6	6	1.25	1	0:00:02.776782
1226	6	6	0.574	1	0:00:02.777226
1227	3	3	0.288	1	0:00:02.780505
1228	5	3	0.21	0	0:00:02.776644
1229	1	1	1.2	1	0:00:02.781250
1230	5	5	0.671	1	0:00:02.779103
1231	9	9	0.813	1	0:00:02.782276
1232	1	1	0.698	1	0:00:02.781517
1233	4	4	1.02	1	0:00:02.777409
1234	1	1	1.08	1	0:00:02.777680
1235	5	5	0.261	1	0:00:02.777886
1236	7	3	0.386	0	0:00:02.779784
1237	0	0	1.31	1	0:00:02.777218
1238	1	1	1.91	1	0:00:02.779315
1239	5	-1	0.0	0	0:00:02.776455
1240	2	6	0.191	0	0:00:02.776414
1241	0	0	0.925	1	0:00:02.780151
1242	8	9	0.173	0	0:00:02.779405
1243	8	8	1.32	1	0:00:02.776263
1244	5	3	0.688	0	0:00:02.778087
1245	6	3	0.237	0	0:00:02.777309
1246	7	7	0.328	1	0:00:02.779087
1247	3	-1	0.0	0	0:00:02.776197
1248	2	4	0.451	0	0:00:02.775762
1249	4	4	0.513	1	0:00:02.775627
1250	7	7	0.646	1	0:00:02.780839
1251	2	-1	0.0	0	0:00:02.778478
1252	5	5	1.11	1	0:00:02.780675
1253	8	8	0.678	1	0:00:02.776916
1254	2	2	1.21	1	0:00:02.778215
1255	4	4	0.59	1	0:00:02.775494
1256	9	8	0.749	0	0:00:02.774432
1257	2	-1	0.0	0	0:00:02.776562
1258	1	1	0.335	1	0:00:02.778949
1259	8	8	0.719	1	0:00:02.774762
1260	1	-1	0.0	0	0:00:02.778847
1261	9	-1	0.0	0	0:00:02.777606
1262	8	8	1.51	1	0:00:02.778520
1263	8	0	0.0417	0	0:00:02.776022
1264	8	8	0.751	1	0:00:02.779085
1265	9	1	0.562	0	0:00:02.775743
1266	0	-1	0.0	0	0:00:02.778808
1267	4	4	0.791	1	0:00:02.775640
1268	3	3	0.215	1	0:00:02.777226
1269	3	3	0.728	1	0:00:02.778649
1270	1	1	0.477	1	0:00:02.779659
1271	8	8	1.52	1	0:00:02.776891
1272	4	7	0.927	0	0:00:02.778541
1273	6	6	0.388	1	0:00:02.776488
1274	3	-1	0.0	0	0:00:02.775721
1275	3	-1	0.0	0	0:00:02.776158
1276	5	5	0.361	1	0:00:02.778992
1277	2	-1	0.0	0	0:00:02.778734
1278	2	2	1.14	1	0:00:02.777352
1279	8	8	0.557	1	0:00:02.778741
1280	3	7	0.158	0	0:00:02.777820
1281	8	8	1.09	1	0:00:02.778353
1282	9	9	1.02	1	0:00:02.777838
1283	5	3	0.244	0	0:00:02.778911
1284	8	8	0.317	1	0:00:02.778677
1285	9	9	0.0252	1	0:00:02.777804
1286	8	-1	0.0	0	0:00:02.774588
1287	9	9	0.51	1	0:00:02.779327
1288	1	1	1.19	1	0:00:02.779455
1289	6	6	0.532	1	0:00:02.780178
1290	5	5	0.902	1	0:00:02.776634
1291	9	9	0.587	1	0:00:02.777183
1292	4	4	0.393	1	0:00:02.775252
1293	4	4	0.401	1	0:00:02.778187
1294	8	0	0.0441	0	0:00:02.776877
1295	0	0	1.12	1	0:00:02.775084
1296	7	7	0.574	1	0:00:02.775315
1297	2	2	0.137	1	0:00:02.777839
1298	9	9	1.8	1	0:00:02.778781
1299	7	9	0.125	0	0:00:02.776486
1300	4	3	0.199	0	0:00:02.771817
1301	1	1	1.8	1	0:00:02.775230
1302	6	5	0.0979	0	0:00:02.774336
1303	4	-1	0.0	0	0:00:02.772202
1304	4	8	0.0485	0	0:00:02.774834
1305	9	9	0.84	1	0:00:02.777235
1306	1	8	0.0895	0	0:00:02.778089
1307	2	2	0.305	1	0:00:02.772387
1308	5	4	0.0761	0	0:00:02.774443
1309	6	6	0.598	1	0:00:02.775572
1310	0	0	1.91	1	0:00:02.777552
1311	8	8	1.06	1	0:00:02.773788
1312	6	6	0.72	1	0:00:02.772781
1313	1	1	1.29	1	0:00:02.776847
1314	9	9	1.91	1	0:00:02.776116
1315	4	-1	0.0	0	0:00:02.774816
1316	5	5	1.49	1	0:00:02.775780
1317	9	9	1.91	1	0:00:02.775921
1318	5	5	0.815	1	0:00:02.776414
1319	0	0	1.53	1	0:00:02.774513
1320	7	2	0.0907	0	0:00:02.776103
1321	2	-1	0.0	0	0:00:02.776198
1322	0	0	0.822	1	0:00:02.777744
1323	0	8	0.235	0	0:00:02.775746
1324	4	-1	0.0	0	0:00:02.776460
1325	2	4	0.206	0	0:00:02.772651
1326	6	6	0.453	1	0:00:02.775079
1327	6	6	1.63	1	0:00:02.775173
1328	5	3	0.357	0	0:00:02.775387
1329	5	7	0.263	0	0:00:02.775962
1330	2	2	0.121	1	0:00:02.778163
1331	8	8	1.91	1	0:00:02.776764
1332	1	1	0.301	1	0:00:02.776029
1333	7	-1	0.0	0	0:00:02.777564
1334	3	2	0.254	0	0:00:02.774885
1335	1	1	1.57	1	0:00:02.774262
1336	4	4	0.328	1	0:00:02.775090
1337	5	5	0.137	1	0:00:02.771898
1338	6	6	1.12	1	0:00:02.775100
1339	5	-1	0.0	0	0:00:02.775369
1340	1	1	1.91	1	0:00:02.776089
1341	4	4	0.0978	1	0:00:02.774561
1342	7	7	0.141	1	0:00:02.775252
1343	0	0	0.744	1	0:00:02.776184
1344	9	9	0.687	1	0:00:02.775775
1345	4	4	0.106	1	0:00:02.773005
1346	3	-1	0.0	0	0:00:02.774394
1347	8	8	1.91	1	0:00:02.775922
1348	2	-1	0.0	0	0:00:02.774000
1349	8	8	1.24	1	0:00:02.775138
1350	4	-1	0.0	0	0:00:02.773278
1351	7	7	1.71	1	0:00:02.776786
1352	2	-1	0.0	0	0:00:02.774350
1353	3	-1	0.0	0	0:00:02.772826
1354	1	1	1.48	1	0:00:02.774817
1355	5	-1	0.0	0	0:00:02.775779
1356	2	2	0.053	1	0:00:02.776601
1357	9	9	0.57	1	0:00:02.774992
1358	8	8	1.34	1	0:00:02.774700
1359	9	9	1.46	1	0:00:02.778184
1360	7	7	0.404	1	0:00:02.775943
1361	9	9	0.96	1	0:00:02.775976
1362	5	5	0.309	1	0:00:02.774282
1363	1	1	1.38	1	0:00:02.774702
1364	4	4	1.38	1	0:00:02.771496
1365	0	0	1.3	1	0:00:02.774734
1366	8	8	1.56	1	0:00:02.772978
1367	2	2	0.366	1	0:00:02.771782
1368	3	3	0.271	1	0:00:02.774815
1369	8	8	0.668	1	0:00:02.774458
1370	9	9	0.498	1	0:00:02.774938
1371	1	1	1.53	1	0:00:02.775137
1372	1	-1	0.0	0	0:00:02.774770
1373	3	3	0.242	1	0:00:02.773751
1374	2	-1	0.0	0	0:00:02.773158
1375	4	4	1.66	1	0:00:02.772733
1376	9	9	1.1	1	0:00:02.774268
1377	3	-1	0.0	0	0:00:02.774956
1378	1	1	0.712	1	0:00:02.774216
1379	7	7	0.226	1	0:00:02.775515
1380	4	-1	0.0	0	0:00:02.773929
1381	6	6	0.491	1	0:00:02.775676
1382	2	2	0.546	1	0:00:02.772637
1383	8	-1	0.0	0	0:00:02.774384
1384	9	9	0.79	1	0:00:02.774649
1385	5	5	0.125	1	0:00:02.776586
1386	3	3	1.0	1	0:00:02.774936
1387	9	9	1.91	1	0:00:02.776051
1388	5	2	0.0282	0	0:00:02.772852
1389	5	-1	0.0	0	0:00:02.772923
1390	6	6	0.786	1	0:00:02.774025
1391	7	4	0.0426	0	0:00:02.773982
1392	2	2	1.25	1	0:00:02.774677
1393	4	-1	0.0	0	0:00:02.775162
1394	6	2	0.285	0	0:00:02.772090
1395	3	-1	0.0	0	0:00:02.773883
1396	1	1	0.752	1	0:00:02.779057
1397	0	0	1.36	1	0:00:02.781294
1398	7	7	0.495	1	0:00:02.773039
1399	2	0	0.744	0	0:00:02.773086
1400	5	-1	0.0	0	0:00:02.772522
1401	4	-1	0.0	0	0:00:02.776580
1402	7	7	0.807	1	0:00:02.774735
1403	6	4	0.0405	0	0:00:02.774675
1404	1	1	0.791	1	0:00:02.774298
1405	1	1	0.5	1	0:00:02.775745
1406	9	9	0.99	1	0:00:02.773142
1407	8	8	0.857	1	0:00:02.775946
1408	1	1	0.963	1	0:00:02.773896
1409	0	0	0.767	1	0:00:02.773305
1410	1	1	1.75	1	0:00:02.773317
1411	3	3	0.321	1	0:00:02.775328
1412	1	1	1.54	1	0:00:02.773162
1413	1	1	0.17	1	0:00:02.776153
1414	1	1	0.564	1	0:00:02.772561
1415	7	7	1.05	1	0:00:02.773725
1416	3	-1	0.0	0	0:00:02.775424
1417	9	9	0.512	1	0:00:02.773854
1418	6	6	0.209	1	0:00:02.773098
1419	8	8	1.8	1	0:00:02.772905
1420	4	4	0.0279	1	0:00:02.771458
1421	6	6	1.11	1	0:00:02.774350
1422	8	8	0.298	1	0:00:02.772537
1423	4	4	0.972	1	0:00:02.773965
1424	9	9	1.11	1	0:00:02.774109
1425	4	4	0.396	1	0:00:02.772187
1426	7	7	1.3	1	0:00:02.772207
1427	9	9	0.965	1	0:00:02.776042
1428	7	7	0.409	1	0:00:02.771980
1429	6	3	0.21	0	0:00:02.772987
1430	8	8	0.296	1	0:00:02.771441
1431	4	4	0.993	1	0:00:02.771513
1432	9	9	1.75	1	0:00:02.772215
1433	7	7	0.398	1	0:00:02.775879
1434	0	0	0.297	1	0:00:02.769117
1435	1	1	1.8	1	0:00:02.775345
1436	6	6	1.66	1	0:00:02.772705
1437	1	1	0.605	1	0:00:02.773722
1438	5	-1	0.0	0	0:00:02.774026
1439	9	9	0.737	1	0:00:02.775207
1440	0	0	0.442	1	0:00:02.772186
1441	4	4	0.379	1	0:00:02.772400
1442	3	-1	0.0	0	0:00:02.772634
1443	4	4	0.334	1	0:00:02.772444
1444	1	1	1.2	1	0:00:02.772192
1445	3	3	0.308	1	0:00:02.772574
1446	0	0	0.745	1	0:00:02.772127
1447	8	8	0.816	1	0:00:02.774630
1448	4	4	0.466	1	0:00:02.769626
1449	6	6	1.59	1	0:00:02.771894
1450	2	2	0.524	1	0:00:02.768798
1451	2	2	0.648	1	0:00:02.774699
1452	6	3	0.667	0	0:00:02.773412
1453	5	-1	0.0	0	0:00:02.771806
1454	3	5	0.5	0	0:00:02.773541
1455	6	6	1.32	1	0:00:02.774897
1456	2	-1	0.0	0	0:00:02.770090
1457	1	1	1.68	1	0:00:02.772439
1458	1	1	1.05	1	0:00:02.771969
1459	8	8	0.0638	1	0:00:02.771928
1460	6	6	1.09	1	0:00:02.771780
1461	0	0	1.02	1	0:00:02.774696
1462	4	-1	0.0	0	0:00:02.770732
1463	0	0	0.929	1	0:00:02.771712
1464	1	1	0.436	1	0:00:02.772659
1465	9	9	0.566	1	0:00:02.773066
1466	7	7	1.91	1	0:00:02.772718
1467	1	1	1.46	1	0:00:02.773248
1468	3	5	0.22	0	0:00:02.776325
1469	7	7	0.753	1	0:00:02.772915
1470	7	-1	0.0	0	0:00:02.774932
1471	8	8	0.324	1	0:00:02.771846
1472	7	7	0.724	1	0:00:02.771181
1473	7	7	1.91	1	0:00:02.774056
1474	3	3	0.276	1	0:00:02.774854
1475	9	9	1.49	1	0:00:02.775037
1476	7	7	1.8	1	0:00:02.772572
1477	7	7	0.505	1	0:00:02.771918
1478	7	7	0.351	1	0:00:02.772183
1479	2	-1	0.0	0	0:00:02.774043
1480	1	1	0.554	1	0:00:02.776390
1481	2	2	1.41	1	0:00:02.773635
1482	8	8	0.768	1	0:00:02.774433
1483	6	6	1.2	1	0:00:02.772316
1484	4	-1	0.0	0	0:00:02.771054
1485	0	0	0.7	1	0:00:02.771295
1486	7	7	1.48	1	0:00:02.774268
1487	9	9	1.02	1	0:00:02.773969
1488	8	8	0.222	1	0:00:02.773727
1489	6	6	0.263	1	0:00:02.771027
1490	8	8	1.6	1	0:00:02.773324
1491	4	9	0.0621	0	0:00:02.772535
1492	9	9	0.0708	1	0:00:02.775380
1493	1	1	0.442	1	0:00:02.774944
1494	7	7	0.634	1	0:00:02.775475
1495	2	2	0.373	1	0:00:02.773845
1496	2	2	0.249	1	0:00:02.773491
1497	8	8	1.41	1	0:00:02.775831
1498	5	3	0.889	0	0:00:02.776259
1499	8	8	0.406	1	0:00:02.773357
1500	1	1	0.869	1	0:00:02.776030
1501	2	-1	0.0	0	0:00:02.774876
1502	2	-1	0.0	0	0:00:02.771888
1503	4	4	0.00277	1	0:00:02.775636
1504	1	-1	0.0	0	0:00:02.776486
1505	2	-1	0.0	0	0:00:02.774670
1506	5	7	1.09	0	0:00:02.774072
1507	2	2	0.171	1	0:00:02.773854
1508	8	8	0.994	1	0:00:02.775630
1509	1	1	0.468	1	0:00:02.775164
1510	8	-1	0.0	0	0:00:02.773469
1511	1	1	1.91	1	0:00:02.775475
1512	8	8	0.934	1	0:00:02.777307
1513	6	-1	0.0	0	0:00:02.774069
1514	0	0	0.164	1	0:00:02.772241
1515	2	2	0.732	1	0:00:02.774295
1516	4	4	0.588	1	0:00:02.777724
1517	1	1	1.09	1	0:00:02.775181
1518	3	5	0.188	0	0:00:02.776997
1519	6	6	0.891	1	0:00:02.773539
1520	7	7	1.27	1	0:00:02.773500
1521	7	7	0.466	1	0:00:02.772046
1522	4	4	0.771	1	0:00:02.771974
1523	4	4	0.979	1	0:00:02.777042
1524	3	3	0.134	1	0:00:02.775309
1525	3	5	0.399	0	0:00:02.772887
1526	4	4	0.415	1	0:00:02.776381
1527	5	-1	0.0	0	0:00:02.777099
1528	2	2	1.14	1	0:00:02.774714
1529	4	-1	0.0	0	0:00:02.777475
1530	3	3	0.654	1	0:00:02.776116
1531	7	7	0.478	1	0:00:02.772830
1532	8	0	0.0665	0	0:00:02.774361
1533	4	4	0.379	1	0:00:02.776313
1534	4	4	0.591	1	0:00:02.775435
1535	4	-1	0.0	0	0:00:02.777088
1536	5	3	0.15	0	0:00:02.778149
1537	4	4	0.642	1	0:00:02.776595
1538	3	3	0.0143	1	0:00:02.776404
1539	2	2	0.0765	1	0:00:02.776771
1540	8	8	1.32	1	0:00:02.774580
1541	4	4	0.608	1	0:00:02.777667
1542	5	5	1.02	1	0:00:02.776160
1543	5	5	0.0675	1	0:00:02.776177
1544	4	4	0.898	1	0:00:02.775058
1545	1	9	0.111	0	0:00:02.777275
1546	4	4	0.818	1	0:00:02.776617
1547	2	-1	0.0	0	0:00:02.778512
1548	5	-1	0.0	0	0:00:02.774967
1549	1	1	0.818	1	0:00:02.778510
1550	6	6	0.663	1	0:00:02.777759
1551	4	-1	0.0	0	0:00:02.774047
1552	3	5	0.166	0	0:00:02.775654
1553	4	4	0.436	1	0:00:02.774907
1554	4	6	0.279	0	0:00:02.776152
1555	0	0	0.711	1	0:00:02.778130
1556	8	8	0.663	1	0:00:02.777997
1557	8	8	1.21	1	0:00:02.774909
1558	4	4	0.663	1	0:00:02.777921
1559	5	3	0.208	0	0:00:02.777184
1560	7	7	1.91	1	0:00:02.779760
1561	5	5	0.352	1	0:00:02.778457
1562	6	6	1.64	1	0:00:02.780102
1563	9	9	1.91	1	0:00:02.777280
1564	1	-1	0.0	0	0:00:02.781715
1565	6	6	0.569	1	0:00:02.778893
1566	7	7	0.844	1	0:00:02.782958
1567	2	2	0.784	1	0:00:02.777073
1568	0	0	0.402	1	0:00:02.778982
1569	1	1	0.777	1	0:00:02.777136
1570	4	4	0.462	1	0:00:02.780315
1571	5	-1	0.0	0	0:00:02.779139
1572	6	-1	0.0	0	0:00:02.779150
1573	0	0	0.193	1	0:00:02.779539
1574	0	9	0.196	0	0:00:02.777631
1575	2	2	0.388	1	0:00:02.775982
1576	7	6	0.128	0	0:00:02.776596
1577	5	-1	0.0	0	0:00:02.776382
1578	6	6	0.695	1	0:00:02.776055
1579	0	0	1.25	1	0:00:02.776923
1580	6	1	0.179	0	0:00:02.777994
1581	2	9	0.00571	0	0:00:02.777581
1582	9	9	1.68	1	0:00:02.777809
1583	1	3	0.347	0	0:00:02.779201
1584	7	-1	0.0	0	0:00:02.777773
1585	7	7	1.91	1	0:00:02.779466
1586	5	5	0.211	1	0:00:02.775817
1587	2	0	0.435	0	0:00:02.777126
1588	5	5	0.457	1	0:00:02.776846
1589	6	6	1.56	1	0:00:02.777915
1590	4	-1	0.0	0	0:00:02.777188
1591	1	1	1.91	1	0:00:02.780601
1592	4	4	0.0136	1	0:00:02.777856
1593	3	3	0.62	1	0:00:02.778919
1594	3	3	0.207	1	0:00:02.775282
1595	3	6	0.0534	0	0:00:02.779213
1596	0	0	0.866	1	0:00:02.776707
1597	3	3	0.386	1	0:00:02.778636
1598	5	5	0.488	1	0:00:02.776324
1599	5	5	1.03	1	0:00:02.778077
1600	8	-1	0.0	0	0:00:02.777541
1601	9	9	0.808	1	0:00:02.776511
1602	7	7	0.437	1	0:00:02.776566
1603	3	3	0.402	1	0:00:02.779092
1604	1	1	1.46	1	0:00:02.776845
1605	3	2	0.258	0	0:00:02.777545
1606	3	-1	0.0	0	0:00:02.777153
1607	3	5	0.0969	0	0:00:02.779051
1608	4	4	0.487	1	0:00:02.775414
1609	4	4	0.52	1	0:00:02.777775
1610	2	0	0.226	0	0:00:02.777811
1611	3	3	0.185	1	0:00:02.777384
1612	3	-1	0.0	0	0:00:02.778453
1613	8	8	0.504	1	0:00:02.778445
1614	1	1	1.91	1	0:00:02.777991
1615	7	7	1.66	1	0:00:02.777210
1616	7	7	0.904	1	0:00:02.777805
1617	0	0	1.91	1	0:00:02.774829
1618	7	-1	0.0	0	0:00:02.779973
1619	4	4	0.685	1	0:00:02.777033
1620	5	4	0.266	0	0:00:02.778670
1621	1	1	1.32	1	0:00:02.776822
1622	4	2	0.238	0	0:00:02.776310
1623	2	-1	0.0	0	0:00:02.775174
1624	4	4	0.36	1	0:00:02.777291
1625	3	-1	0.0	0	0:00:02.776880
1626	9	-1	0.0	0	0:00:02.775919
1627	9	9	1.57	1	0:00:02.778140
1628	4	2	0.0428	0	0:00:02.777020
1629	9	9	1.05	1	0:00:02.776755
1630	9	9	1.32	1	0:00:02.779704
1631	1	1	0.763	1	0:00:02.775115
1632	8	8	0.459	1	0:00:02.777758
1633	1	8	0.666	0	0:00:02.778280
1634	6	6	1.11	1	0:00:02.776790
1635	7	7	0.758	1	0:00:02.778898
1636	5	-1	0.0	0	0:00:02.778837
1637	5	-1	0.0	0	0:00:02.777223
1638	4	-1	0.0	0	0:00:02.775387
1639	9	9	0.753	1	0:00:02.777008
1640	7	7	0.0957	1	0:00:02.779053
1641	6	6	1.2	1	0:00:02.776680
1642	5	-1	0.0	0	0:00:02.775279
1643	9	9	0.501	1	0:00:02.779464
1644	2	-1	0.0	0	0:00:02.777544
1645	4	4	0.759	1	0:00:02.774337
1646	0	0	1.6	1	0:00:02.776139
1647	7	7	1.03	1	0:00:02.778785
1648	8	8	0.138	1	0:00:02.777758
1649	5	-1	0.0	0	0:00:02.776476
1650	5	5	0.37	1	0:00:02.777022
1651	0	0	0.289	1	0:00:02.775151
1652	0	0	1.33	1	0:00:02.778549
1653	9	8	0.262	0	0:00:02.776103
1654	9	9	1.44	1	0:00:02.777223
1655	8	8	1.0	1	0:00:02.776793
1656	2	2	0.3	1	0:00:02.773980
1657	5	5	0.384	1	0:00:02.777478
1658	4	0	0.0664	0	0:00:02.775238
1659	8	8	1.68	1	0:00:02.775412
1660	3	3	0.0892	1	0:00:02.776151
1661	6	-1	0.0	0	0:00:02.776802
1662	3	-1	0.0	0	0:00:02.777004
1663	6	2	0.539	0	0:00:02.777393
1664	0	0	1.14	1	0:00:02.774230
1665	6	6	1.33	1	0:00:02.775001
1666	6	6	0.029	1	0:00:02.774344
1667	6	-1	0.0	0	0:00:02.774691
1668	9	9	0.0574	1	0:00:02.776754
1669	6	6	0.282	1	0:00:02.774278
1670	6	4	0.584	0	0:00:02.774009
1671	8	8	1.57	1	0:00:02.777839
1672	6	6	0.569	1	0:00:02.776512
1673	2	6	0.287	0	0:00:02.780271
1674	4	4	0.0761	1	0:00:02.775793
1675	5	3	0.00828	0	0:00:02.775877
1676	8	8	1.36	1	0:00:02.774894
1677	1	1	1.64	1	0:00:02.777248
1678	2	2	0.0966	1	0:00:02.774899
1679	7	7	0.88	1	0:00:02.778145
1680	6	6	0.927	1	0:00:02.773262
1681	5	6	0.311	0	0:00:02.773558
1682	7	7	0.768	1	0:00:02.775213
1683	8	0	0.172	0	0:00:02.775406
1684	1	9	0.615	0	0:00:02.777845
1685	8	4	0.38	0	0:00:02.776104
1686	0	8	0.725	0	0:00:02.776157
1687	8	8	0.608	1	0:00:02.774895
1688	6	6	0.543	1	0:00:02.774601
1689	9	7	0.226	0	0:00:02.775911
1690	2	-1	0.0	0	0:00:02.775096
1691	8	8	1.49	1	0:00:02.774670
1692	9	9	1.01	1	0:00:02.776509
1693	4	9	0.0375	0	0:00:02.777587
1694	0	0	1.91	1	0:00:02.774565
1695	9	9	0.651	1	0:00:02.776019
1696	4	4	0.766	1	0:00:02.778792
1697	9	9	0.782	1	0:00:02.774101
1698	5	5	0.352	1	0:00:02.774740
1699	7	7	0.504	1	0:00:02.775097
1700	5	5	0.119	1	0:00:02.775621
1701	5	-1	0.0	0	0:00:02.773766
1702	9	-1	0.0	0	0:00:02.774475
1703	5	5	0.942	1	0:00:02.775597
1704	3	3	0.169	1	0:00:02.778294
1705	0	0	1.91	1	0:00:02.775054
1706	1	1	1.44	1	0:00:02.778594
1707	9	9	1.63	1	0:00:02.775174
1708	7	7	0.681	1	0:00:02.777742
1709	2	2	0.0397	1	0:00:02.774331
1710	4	4	0.676	1	0:00:02.775926
1711	1	1	1.34	1	0:00:02.777057
1712	0	0	1.08	1	0:00:02.773966
1713	8	9	0.0962	0	0:00:02.775353
1714	0	0	0.613	1	0:00:02.773849
1715	3	-1	0.0	0	0:00:02.775403
1716	1	1	0.744	1	0:00:02.775676
1717	7	7	1.32	1	0:00:02.776002
1718	0	8	0.928	0	0:00:02.774398
1719	0	0	1.26	1	0:00:02.772295
1720	4	-1	0.0	0	0:00:02.776466
1721	8	8	0.562	1	0:00:02.777173
1722	6	6	0.804	1	0:00:02.775066
1723	2	-1	0.0	0	0:00:02.771787
1724	4	2	0.176	0	0:00:02.774697
1725	0	0	1.91	1	0:00:02.773640
1726	0	0	1.57	1	0:00:02.777337
1727	9	8	0.0802	0	0:00:02.774650
1728	0	0	0.0444	1	0:00:02.775848
1729	8	8	1.91	1	0:00:02.775301
1730	4	0	0.111	0	0:00:02.773379
1731	5	6	0.808	0	0:00:02.773737
1732	9	9	0.358	1	0:00:02.775099
1733	3	3	0.538	1	0:00:02.773755
1734	9	9	1.54	1	0:00:02.776314
1735	0	0	0.968	1	0:00:02.772913
1736	5	-1	0.0	0	0:00:02.775918
1737	6	-1	0.0	0	0:00:02.775789
1738	5	5	0.193	1	0:00:02.772548
1739	0	7	0.277	0	0:00:02.774089
1740	1	1	0.123	1	0:00:02.776613
1741	4	-1	0.0	0	0:00:02.774015
1742	8	8	1.66	1	0:00:02.774940
1743	1	1	1.91	1	0:00:02.774894
1744	0	0	1.35	1	0:00:02.775238
1745	5	5	0.939	1	0:00:02.773981
1746	2	-1	0.0	0	0:00:02.772299
1747	1	1	0.767	1	0:00:02.774143
1748	0	0	0.99	1	0:00:02.771946
1749	2	-1	0.0	0	0:00:02.771863
1750	8	8	1.01	1	0:00:02.774560
1751	1	1	1.08	1	0:00:02.773607
1752	5	5	0.376	1	0:00:02.777404
1753	6	6	0.56	1	0:00:02.770240
1754	7	7	1.4	1	0:00:02.774434
1755	7	7	1.03	1	0:00:02.777461
1756	2	-1	0.0	0	0:00:02.774640
1757	6	6	0.521	1	0:00:02.772303
1758	2	2	0.656	1	0:00:02.771609
1759	5	-1	0.0	0	0:00:02.772615
1760	0	0	0.569	1	0:00:02.772035
1761	1	1	1.22	1	0:00:02.774627
1762	4	4	0.696	1	0:00:02.772652
1763	2	2	0.712	1	0:00:02.775624
1764	5	4	0.00214	0	0:00:02.775377
1765	4	6	0.29	0	0:00:02.770252
1766	6	-1	0.0	0	0:00:02.773189
1767	2	4	0.614	0	0:00:02.774937
1768	2	2	1.19	1	0:00:02.775485
1769	1	0	0.202	0	0:00:02.773912
1770	7	7	0.41	1	0:00:02.773820
1771	2	2	0.32	1	0:00:02.770529
1772	8	9	0.154	0	0:00:02.774853
1773	5	3	0.176	0	0:00:02.775177
1774	5	5	0.0932	1	0:00:02.774167
1775	3	3	0.47	1	0:00:02.774921
1776	0	0	1.34	1	0:00:02.773080
1777	4	4	0.507	1	0:00:02.770200
1778	8	8	0.557	1	0:00:02.773374
1779	3	5	0.0327	0	0:00:02.774735
1780	7	7	0.458	1	0:00:02.774486
1781	6	6	1.25	1	0:00:02.772696
1782	3	-1	0.0	0	0:00:02.775165
1783	8	8	1.34	1	0:00:02.773937
1784	1	1	1.25	1	0:00:02.772289
1785	0	2	0.291	0	0:00:02.772240
1786	1	9	0.0976	0	0:00:02.775417
1787	3	4	0.134	0	0:00:02.774812
1788	3	6	0.0638	0	0:00:02.773100
1789	0	-1	0.0	0	0:00:02.773777
1790	7	-1	0.0	0	0:00:02.773421
1791	4	6	0.476	0	0:00:02.772707
1792	9	9	1.91	1	0:00:02.776242
1793	5	5	0.899	1	0:00:02.774219
1794	3	2	0.124	0	0:00:02.773466
1795	6	6	0.475	1	0:00:02.775139
1796	0	0	1.91	1	0:00:02.773190
1797	1	1	0.287	1	0:00:02.773856
1798	4	4	0.14	1	0:00:02.772480
1799	4	0	0.194	0	0:00:02.773929
1800	4	4	0.0729	1	0:00:02.773866
1801	4	4	1.08	1	0:00:02.773393
1802	2	2	0.308	1	0:00:02.771072
1803	2	6	0.295	0	0:00:02.772542
1804	5	-1	0.0	0	0:00:02.773166
1805	8	8	1.11	1	0:00:02.774778
1806	1	1	0.231	1	0:00:02.775832
1807	5	4	0.147	0	0:00:02.777327
1808	9	1	0.34	0	0:00:02.776976
1809	8	8	0.502	1	0:00:02.775390
1810	1	1	0.261	1	0:00:02.775606
1811	1	8	0.192	0	0:00:02.773290
1812	5	7	0.372	0	0:00:02.772906
1813	3	3	0.147	1	0:00:02.772908
1814	9	9	0.874	1	0:00:02.776151
1815	9	9	1.17	1	0:00:02.774430
1816	7	7	0.507	1	0:00:02.773077
1817	6	6	0.431	1	0:00:02.771141
1818	5	5	0.592	1	0:00:02.774394
1819	0	0	0.535	1	0:00:02.774389
1820	8	9	0.189	0	0:00:02.775092
1821	4	-1	0.0	0	0:00:02.773689
1822	7	-1	0.0	0	0:00:02.776110
1823	0	4	0.103	0	0:00:02.776666
1824	9	9	1.18	1	0:00:02.773033
1825	2	2	1.18	1	0:00:02.772275
1826	8	8	1.75	1	0:00:02.771530
1827	4	4	1.06	1	0:00:02.771857
1828	7	7	0.792	1	0:00:02.774968
1829	1	9	0.0913	0	0:00:02.776712
1830	3	2	0.713	0	0:00:02.774410
1831	9	9	0.528	1	0:00:02.776353
1832	6	-1	0.0	0	0:00:02.772456
1833	8	8	1.52	1	0:00:02.772593
1834	9	9	0.268	1	0:00:02.774116
1835	0	-1	0.0	0	0:00:02.773491
1836	4	4	0.0983	1	0:00:02.773246
1837	9	1	0.0828	0	0:00:02.776335
1838	6	0	0.264	0	0:00:02.773807
1839	7	7	1.91	1	0:00:02.775540
1840	8	-1	0.0	0	0:00:02.772516
1841	9	8	0.394	0	0:00:02.776832
1842	4	4	0.832	1	0:00:02.773031
1843	8	8	1.25	1	0:00:02.772477
1844	9	9	0.556	1	0:00:02.775120
1845	7	-1	0.0	0	0:00:02.773305
1846	2	2	0.649	1	0:00:02.772755
1847	5	-1	0.0	0	0:00:02.772845
1848	3	3	0.787	1	0:00:02.773206
1849	7	7	1.71	1	0:00:02.774334
1850	1	3	0.459	0	0:00:02.776212
1851	0	0	1.14	1	0:00:02.774614
1852	2	0	0.273	0	0:00:02.774338
1853	9	9	0.937	1	0:00:02.771986
1854	5	5	0.26	1	0:00:02.775425
1855	5	5	1.02	1	0:00:02.773524
1856	8	8	1.5	1	0:00:02.774980
1857	5	5	1.24	1	0:00:02.772219
1858	4	-1	0.0	0	0:00:02.772958
1859	2	5	0.186	0	0:00:02.774187
1860	8	8	0.907	1	0:00:02.775368
1861	3	3	0.282	1	0:00:02.775962
1862	5	-1	0.0	0	0:00:02.772196
1863	5	-1	0.0	0	0:00:02.774221
1864	7	7	1.91	1	0:00:02.772785
1865	7	7	0.413	1	0:00:02.775604
1866	8	8	1.91	1	0:00:02.773056
1867	6	6	0.298	1	0:00:02.776083
1868	2	-1	0.0	0	0:00:02.775673
1869	8	8	1.08	1	0:00:02.773218
1870	2	2	1.45	1	0:00:02.775029
1871	3	3	0.677	1	0:00:02.776022
1872	5	5	0.605	1	0:00:02.775671
1873	6	6	0.0533	1	0:00:02.773841
1874	8	8	1.11	1	0:00:02.773523
1875	0	0	1.66	1	0:00:02.775879
1876	2	-1	0.0	0	0:00:02.775048
1877	3	-1	0.0	0	0:00:02.775299
1878	7	7	0.935	1	0:00:02.774973
1879	0	0	0.236	1	0:00:02.774014
1880	1	1	1.41	1	0:00:02.774956
1881	9	9	1.91	1	0:00:02.777849
1882	1	1	0.322	1	0:00:02.774248
1883	3	6	0.23	0	0:00:02.774061
1884	7	-1	0.0	0	0:00:02.775206
1885	5	5	0.513	1	0:00:02.775252
1886	8	8	0.194	1	0:00:02.774970
1887	3	-1	0.0	0	0:00:02.774544
