idx	label	predict	radius	correct	time
888	0	-1	0.0	0	0:00:02.001575
889	4	6	0.185	0	0:00:02.002563
890	4	-1	0.0	0	0:00:02.002223
891	6	6	0.85	1	0:00:02.008519
892	7	7	0.68	1	0:00:02.024637
893	6	3	0.0515	0	0:00:02.046017
894	1	1	1.63	1	0:00:02.055699
895	1	1	1.38	1	0:00:02.056121
896	3	3	0.928	1	0:00:02.068144
897	7	7	0.582	1	0:00:02.076151
898	3	7	0.102	0	0:00:02.077322
899	5	5	1.63	1	0:00:02.088372
900	2	-1	0.0	0	0:00:02.092826
901	6	6	1.26	1	0:00:02.083204
902	6	6	0.663	1	0:00:02.099318
903	5	5	0.578	1	0:00:02.098740
904	8	8	0.652	1	0:00:02.102909
905	7	-1	0.0	0	0:00:02.112594
906	1	1	0.116	1	0:00:02.103982
907	6	6	0.334	1	0:00:02.108955
908	8	8	0.987	1	0:00:02.107482
909	8	8	1.3	1	0:00:02.109669
910	5	-1	0.0	0	0:00:02.114471
911	3	3	1.3	1	0:00:02.109031
912	0	0	0.0923	1	0:00:02.106001
913	4	4	0.844	1	0:00:02.112677
914	0	0	0.203	1	0:00:02.112501
915	1	1	1.22	1	0:00:02.128877
916	3	-1	0.0	0	0:00:02.119914
917	8	8	1.29	1	0:00:02.110016
918	8	8	0.91	1	0:00:02.107303
919	0	4	0.181	0	0:00:02.117677
920	6	6	0.134	1	0:00:02.117832
921	9	9	1.71	1	0:00:02.121305
922	9	9	0.858	1	0:00:02.115749
923	9	9	0.0505	1	0:00:02.121152
924	5	-1	0.0	0	0:00:02.122678
925	5	3	1.8	0	0:00:02.122287
926	8	8	1.41	1	0:00:02.124104
927	6	-1	0.0	0	0:00:02.130215
928	0	0	0.346	1	0:00:02.115120
929	0	8	0.177	0	0:00:02.131912
930	4	4	0.903	1	0:00:02.115862
931	2	2	1.14	1	0:00:02.123140
932	3	2	0.00208	0	0:00:02.119426
933	2	3	0.758	0	0:00:02.123125
934	7	7	1.91	1	0:00:02.133763
935	2	2	1.54	1	0:00:02.115295
936	2	2	0.247	1	0:00:02.124538
937	5	5	0.739	1	0:00:02.126164
938	9	-1	0.0	0	0:00:02.130268
939	8	8	1.66	1	0:00:02.118222
940	9	9	1.48	1	0:00:02.124953
941	1	9	0.432	0	0:00:02.122055
942	7	7	1.08	1	0:00:02.132200
943	4	-1	0.0	0	0:00:02.130188
944	0	0	0.856	1	0:00:02.127276
945	3	3	0.0593	1	0:00:02.134571
946	0	0	1.8	1	0:00:02.136839
947	1	1	0.673	1	0:00:02.127101
948	3	-1	0.0	0	0:00:02.123106
949	8	8	1.36	1	0:00:02.135702
950	3	-1	0.0	0	0:00:02.134820
951	9	9	1.49	1	0:00:02.124894
952	6	6	0.408	1	0:00:02.129492
953	1	-1	0.0	0	0:00:02.131530
954	4	4	0.507	1	0:00:02.133133
955	7	7	1.63	1	0:00:02.132961
956	0	0	0.261	1	0:00:02.120369
957	3	3	0.116	1	0:00:02.138451
958	7	7	0.635	1	0:00:02.122177
959	8	8	1.55	1	0:00:02.121134
960	9	9	0.245	1	0:00:02.133284
961	1	1	0.289	1	0:00:02.131582
962	1	1	0.77	1	0:00:02.130350
963	6	6	1.04	1	0:00:02.129297
964	6	6	0.0333	1	0:00:02.125754
965	6	-1	0.0	0	0:00:02.132550
966	6	3	0.0886	0	0:00:02.132507
967	9	9	0.967	1	0:00:02.127462
968	1	1	1.47	1	0:00:02.133832
969	9	9	0.667	1	0:00:02.125401
970	9	9	1.45	1	0:00:02.134858
971	4	4	0.339	1	0:00:02.131829
972	2	2	0.207	1	0:00:02.128647
973	1	1	1.37	1	0:00:02.124459
974	7	2	0.456	0	0:00:02.133130
975	0	0	1.66	1	0:00:02.133828
976	6	6	0.567	1	0:00:02.131678
977	8	8	1.13	1	0:00:02.133686
978	1	1	0.531	1	0:00:02.133400
979	9	9	0.463	1	0:00:02.129485
980	2	6	0.198	0	0:00:02.128037
981	9	9	0.147	1	0:00:02.125868
982	0	2	0.144	0	0:00:02.127277
983	4	4	0.376	1	0:00:02.128393
984	7	7	0.352	1	0:00:02.136292
985	8	8	1.91	1	0:00:02.123847
986	3	3	0.272	1	0:00:02.133915
987	1	1	0.931	1	0:00:02.138575
988	2	2	0.653	1	0:00:02.124126
989	0	0	0.341	1	0:00:02.133141
990	1	1	0.784	1	0:00:02.117640
991	5	5	0.0496	1	0:00:02.125120
992	8	0	0.121	0	0:00:02.129731
993	4	7	0.0933	0	0:00:02.126304
994	6	6	0.498	1	0:00:02.132919
995	3	-1	0.0	0	0:00:02.140454
996	8	8	0.582	1	0:00:02.131843
997	1	1	0.503	1	0:00:02.135661
998	3	3	1.1	1	0:00:02.135038
999	8	8	1.29	1	0:00:02.129749
1000	5	5	1.28	1	0:00:02.122036
1001	0	-1	0.0	0	0:00:02.131897
1002	8	-1	0.0	0	0:00:02.122099
1003	4	4	0.345	1	0:00:02.114833
1004	8	8	0.926	1	0:00:02.126369
1005	1	1	0.914	1	0:00:02.129757
1006	1	1	1.04	1	0:00:02.122273
1007	8	8	0.527	1	0:00:02.128441
1008	9	1	0.26	0	0:00:02.132150
1009	6	-1	0.0	0	0:00:02.121090
1010	0	0	1.91	1	0:00:02.127252
1011	8	8	0.998	1	0:00:02.128097
1012	6	6	0.28	1	0:00:02.125262
1013	1	1	1.91	1	0:00:02.132372
1014	3	-1	0.0	0	0:00:02.133442
1015	4	4	0.526	1	0:00:02.128129
1016	1	1	0.382	1	0:00:02.136819
1017	6	6	0.852	1	0:00:02.123229
1018	0	0	1.43	1	0:00:02.127978
1019	5	3	0.868	0	0:00:02.128038
1020	1	1	1.6	1	0:00:02.131299
1021	1	0	0.182	0	0:00:02.132103
1022	0	0	1.26	1	0:00:02.122064
1023	0	0	0.897	1	0:00:02.125372
1024	3	5	0.285	0	0:00:02.127679
1025	5	5	0.592	1	0:00:02.126770
1026	0	0	0.612	1	0:00:02.118151
1027	0	-1	0.0	0	0:00:02.128032
1028	6	6	0.428	1	0:00:02.122084
1029	6	6	1.11	1	0:00:02.128951
1030	3	3	0.769	1	0:00:02.134550
1031	3	3	0.887	1	0:00:02.122535
1032	6	-1	0.0	0	0:00:02.116958
1033	3	3	0.812	1	0:00:02.125255
1034	6	3	0.314	0	0:00:02.126834
1035	6	-1	0.0	0	0:00:02.126693
1036	0	-1	0.0	0	0:00:02.121519
1037	7	7	1.39	1	0:00:02.118553
1038	2	2	1.45	1	0:00:02.121006
1039	2	4	0.307	0	0:00:02.128512
1040	7	5	0.0976	0	0:00:02.135352
1041	5	5	0.518	1	0:00:02.119302
1042	5	2	0.122	0	0:00:02.120881
1043	2	2	0.439	1	0:00:02.122063
1044	8	8	1.21	1	0:00:02.128539
1045	5	3	0.3	0	0:00:02.120721
1046	2	2	0.739	1	0:00:02.119177
1047	1	-1	0.0	0	0:00:02.129118
1048	1	1	0.923	1	0:00:02.122423
1049	4	5	0.0773	0	0:00:02.116820
1050	3	3	0.232	1	0:00:02.123954
1051	2	2	0.217	1	0:00:02.127206
1052	0	0	1.09	1	0:00:02.128028
1053	3	3	0.363	1	0:00:02.123347
1054	1	1	0.524	1	0:00:02.128495
1055	5	5	1.22	1	0:00:02.126161
1056	3	5	0.641	0	0:00:02.126696
1057	7	5	0.923	0	0:00:02.121814
1058	6	6	0.226	1	0:00:02.127917
1059	8	8	0.941	1	0:00:02.126584
1060	9	9	1.91	1	0:00:02.123267
1061	1	1	0.368	1	0:00:02.120642
1062	6	6	0.638	1	0:00:02.123610
1063	4	4	0.663	1	0:00:02.119150
1064	9	3	0.253	0	0:00:02.119683
1065	3	9	0.495	0	0:00:02.121254
1066	9	1	1.36	0	0:00:02.123766
1067	0	0	1.91	1	0:00:02.128305
1068	9	9	1.11	1	0:00:02.119433
1069	6	6	1.55	1	0:00:02.127725
1070	3	3	0.557	1	0:00:02.124503
1071	6	6	1.44	1	0:00:02.124928
1072	0	8	0.99	0	0:00:02.131336
1073	7	7	1.66	1	0:00:02.128476
1074	3	3	1.16	1	0:00:02.127585
1075	8	8	0.579	1	0:00:02.129357
1076	0	0	0.529	1	0:00:02.116527
1077	0	0	1.91	1	0:00:02.123710
1078	0	0	1.75	1	0:00:02.115323
1079	6	6	1.22	1	0:00:02.123583
1080	6	6	0.334	1	0:00:02.125510
1081	6	6	0.942	1	0:00:02.121272
1082	9	9	0.758	1	0:00:02.120588
1083	2	-1	0.0	0	0:00:02.125711
1084	5	-1	0.0	0	0:00:02.124953
1085	4	4	1.25	1	0:00:02.123516
1086	4	4	0.514	1	0:00:02.122388
1087	6	6	0.633	1	0:00:02.121809
1088	3	3	0.65	1	0:00:02.119030
1089	6	6	0.645	1	0:00:02.127554
1090	0	0	1.05	1	0:00:02.123320
1091	8	8	1.5	1	0:00:02.125802
1092	6	6	0.0394	1	0:00:02.123970
1093	0	4	0.172	0	0:00:02.111862
1094	6	5	0.0482	0	0:00:02.111704
1095	2	2	0.49	1	0:00:02.122107
1096	7	7	1.8	1	0:00:02.120545
1097	5	5	0.803	1	0:00:02.123055
1098	1	1	0.622	1	0:00:02.120428
1099	2	2	0.377	1	0:00:02.118455
1100	7	7	0.35	1	0:00:02.126785
1101	8	8	1.46	1	0:00:02.119999
1102	8	8	0.692	1	0:00:02.126819
1103	0	0	1.46	1	0:00:02.134435
1104	9	9	0.751	1	0:00:02.130203
1105	4	3	0.709	0	0:00:02.130616
1106	9	9	1.91	1	0:00:02.114589
1107	7	7	1.29	1	0:00:02.123097
1108	2	2	0.761	1	0:00:02.119165
1109	0	8	0.125	0	0:00:02.120263
1110	2	2	1.91	1	0:00:02.116501
1111	8	8	1.04	1	0:00:02.111880
1112	3	3	0.789	1	0:00:02.121836
1113	8	8	1.3	1	0:00:02.115848
1114	9	9	0.872	1	0:00:02.120253
1115	1	1	0.831	1	0:00:02.125525
1116	5	5	0.0491	1	0:00:02.122840
1117	5	5	0.675	1	0:00:02.110516
1118	4	4	0.171	1	0:00:02.120997
1119	7	7	1.61	1	0:00:02.115726
1120	5	2	0.0964	0	0:00:02.121693
1121	3	3	0.68	1	0:00:02.120359
1122	8	8	0.654	1	0:00:02.111559
1123	3	3	0.287	1	0:00:02.121819
1124	3	2	0.522	0	0:00:02.125078
1125	6	6	1.25	1	0:00:02.123554
1126	2	0	1.24	0	0:00:02.121984
1127	8	8	1.38	1	0:00:02.115466
1128	4	4	0.083	1	0:00:02.115305
1129	3	-1	0.0	0	0:00:02.110921
1130	7	0	0.0326	0	0:00:02.122284
1131	1	9	0.146	0	0:00:02.115646
1132	2	6	0.369	0	0:00:02.123575
1133	4	-1	0.0	0	0:00:02.118510
1134	1	-1	0.0	0	0:00:02.119886
1135	6	6	0.781	1	0:00:02.115817
1136	9	9	0.42	1	0:00:02.119380
1137	0	9	0.374	0	0:00:02.122942
1138	5	-1	0.0	0	0:00:02.124087
1139	8	8	1.91	1	0:00:02.126128
1140	6	6	0.451	1	0:00:02.114759
1141	1	1	1.01	1	0:00:02.118932
1142	8	8	0.955	1	0:00:02.119143
1143	6	6	1.75	1	0:00:02.112559
1144	1	1	0.106	1	0:00:02.118002
1145	4	4	0.0994	1	0:00:02.119214
1146	2	2	0.138	1	0:00:02.122539
1147	6	-1	0.0	0	0:00:02.115769
1148	2	2	0.342	1	0:00:02.120912
1149	7	4	0.0401	0	0:00:02.122065
1150	2	7	0.454	0	0:00:02.120265
1151	2	2	0.161	1	0:00:02.110694
1152	0	0	0.323	1	0:00:02.127985
1153	8	8	0.368	1	0:00:02.112171
1154	6	6	0.456	1	0:00:02.111109
1155	9	9	0.495	1	0:00:02.115312
1156	1	1	0.0308	1	0:00:02.112584
1157	7	7	0.974	1	0:00:02.115774
1158	1	1	0.54	1	0:00:02.136456
1159	8	8	0.527	1	0:00:02.118204
1160	8	8	0.397	1	0:00:02.127843
1161	0	0	1.03	1	0:00:02.122394
1162	7	7	1.4	1	0:00:02.116296
1163	3	-1	0.0	0	0:00:02.119310
1164	8	8	0.201	1	0:00:02.114681
1165	0	0	1.43	1	0:00:02.122318
1166	3	-1	0.0	0	0:00:02.115555
1167	4	2	0.792	0	0:00:02.126220
1168	3	-1	0.0	0	0:00:02.125412
1169	7	7	0.894	1	0:00:02.114319
1170	7	7	1.39	1	0:00:02.124163
1171	9	9	1.06	1	0:00:02.116561
1172	2	2	0.597	1	0:00:02.119769
1173	3	3	0.555	1	0:00:02.128480
1174	1	1	1.91	1	0:00:02.115544
1175	9	9	1.55	1	0:00:02.124460
1176	1	1	0.633	1	0:00:02.118937
1177	9	9	0.283	1	0:00:02.112355
1178	6	2	0.971	0	0:00:02.118444
1179	3	3	0.37	1	0:00:02.112341
1180	3	3	0.779	1	0:00:02.120296
1181	3	6	0.0504	0	0:00:02.118804
1182	1	1	0.278	1	0:00:02.118175
1183	0	0	1.2	1	0:00:02.116787
1184	6	6	1.1	1	0:00:02.124805
1185	1	1	0.32	1	0:00:02.116641
1186	4	4	1.03	1	0:00:02.114132
1187	1	1	0.521	1	0:00:02.109174
1188	0	0	1.0	1	0:00:02.123020
1189	0	0	0.604	1	0:00:02.117342
1190	1	1	0.962	1	0:00:02.122696
1191	1	1	0.569	1	0:00:02.116825
1192	6	6	0.321	1	0:00:02.115351
1193	5	5	0.29	1	0:00:02.119125
1194	4	4	1.18	1	0:00:02.108143
1195	6	6	1.3	1	0:00:02.118425
1196	2	2	1.1	1	0:00:02.115898
1197	0	0	0.509	1	0:00:02.119460
1198	7	7	1.8	1	0:00:02.112308
1199	9	0	0.138	0	0:00:02.119364
1200	8	8	0.563	1	0:00:02.116535
1201	7	7	0.959	1	0:00:02.121412
1202	2	2	1.25	1	0:00:02.125667
1203	0	0	0.472	1	0:00:02.114710
1204	6	6	0.951	1	0:00:02.117956
1205	8	8	0.811	1	0:00:02.114877
1206	1	1	1.8	1	0:00:02.116406
1207	4	8	0.133	0	0:00:02.114143
1208	3	-1	0.0	0	0:00:02.110312
1209	7	7	0.654	1	0:00:02.112723
1210	0	0	1.38	1	0:00:02.114153
1211	6	-1	0.0	0	0:00:02.115333
1212	1	1	1.14	1	0:00:02.116242
1213	8	8	1.91	1	0:00:02.117839
1214	5	5	1.52	1	0:00:02.114785
1215	7	7	1.8	1	0:00:02.116417
1216	8	8	0.65	1	0:00:02.121724
1217	4	4	0.61	1	0:00:02.114754
1218	8	8	0.474	1	0:00:02.109996
1219	3	5	0.369	0	0:00:02.115861
1220	9	3	0.169	0	0:00:02.126311
1221	9	-1	0.0	0	0:00:02.110345
1222	9	9	0.0159	1	0:00:02.110477
1223	8	0	1.71	0	0:00:02.113904
1224	7	4	0.142	0	0:00:02.113324
1225	6	6	0.818	1	0:00:02.111446
1226	6	6	0.73	1	0:00:02.112704
1227	3	3	0.861	1	0:00:02.115938
1228	5	3	0.305	0	0:00:02.117788
1229	1	1	1.42	1	0:00:02.113447
1230	5	5	0.213	1	0:00:02.115546
1231	9	9	1.36	1	0:00:02.115001
1232	1	1	0.786	1	0:00:02.117295
1233	4	4	1.03	1	0:00:02.121171
1234	1	1	1.37	1	0:00:02.112551
1235	5	5	0.559	1	0:00:02.108100
1236	7	3	0.244	0	0:00:02.111025
1237	0	0	1.16	1	0:00:02.115873
1238	1	1	1.91	1	0:00:02.114467
1239	5	3	0.362	0	0:00:02.118372
1240	2	6	0.285	0	0:00:02.109388
1241	0	0	0.307	1	0:00:02.109360
1242	8	-1	0.0	0	0:00:02.120519
1243	8	8	1.36	1	0:00:02.119421
1244	5	5	0.174	1	0:00:02.117819
1245	6	3	0.281	0	0:00:02.120472
1246	7	7	0.138	1	0:00:02.101991
1247	3	5	0.346	0	0:00:02.118566
1248	2	4	0.346	0	0:00:02.115222
1249	4	4	0.213	1	0:00:02.109536
1250	7	7	1.3	1	0:00:02.120834
1251	2	-1	0.0	0	0:00:02.116868
1252	5	5	1.46	1	0:00:02.110261
1253	8	8	0.885	1	0:00:02.108974
1254	2	2	1.01	1	0:00:02.116520
1255	4	4	0.738	1	0:00:02.111237
1256	9	8	0.855	0	0:00:02.118659
1257	2	-1	0.0	0	0:00:02.116670
1258	1	1	0.122	1	0:00:02.114253
1259	8	8	1.27	1	0:00:02.112158
1260	1	9	0.344	0	0:00:02.112717
1261	9	-1	0.0	0	0:00:02.126930
1262	8	8	1.64	1	0:00:02.122781
1263	8	0	0.21	0	0:00:02.114592
1264	8	8	0.759	1	0:00:02.108070
1265	9	1	0.942	0	0:00:02.113302
1266	0	8	0.442	0	0:00:02.122172
1267	4	4	0.861	1	0:00:02.108871
1268	3	-1	0.0	0	0:00:02.115697
1269	3	3	1.23	1	0:00:02.119662
1270	1	1	0.48	1	0:00:02.120676
1271	8	8	1.63	1	0:00:02.116041
1272	4	7	1.27	0	0:00:02.105899
1273	6	6	0.292	1	0:00:02.111478
1274	3	-1	0.0	0	0:00:02.112897
1275	3	3	0.505	1	0:00:02.119936
1276	5	1	0.098	0	0:00:02.108963
1277	2	-1	0.0	0	0:00:02.116591
1278	2	2	0.626	1	0:00:02.112490
1279	8	8	0.177	1	0:00:02.115910
1280	3	5	0.51	0	0:00:02.107591
1281	8	8	1.91	1	0:00:02.112663
1282	9	9	0.813	1	0:00:02.112605
1283	5	5	0.358	1	0:00:02.112980
1284	8	5	0.214	0	0:00:02.117676
1285	9	-1	0.0	0	0:00:02.109135
1286	8	8	0.144	1	0:00:02.116918
1287	9	0	0.0914	0	0:00:02.108718
1288	1	1	1.57	1	0:00:02.115727
1289	6	6	0.771	1	0:00:02.116219
1290	5	5	1.44	1	0:00:02.112363
1291	9	9	0.965	1	0:00:02.114278
1292	4	4	0.675	1	0:00:02.111660
1293	4	4	0.0776	1	0:00:02.112040
1294	8	8	0.336	1	0:00:02.115928
1295	0	0	1.35	1	0:00:02.112707
1296	7	7	1.09	1	0:00:02.109741
1297	2	2	0.398	1	0:00:02.120452
1298	9	9	1.91	1	0:00:02.109856
1299	7	9	0.103	0	0:00:02.117023
1300	4	3	0.553	0	0:00:02.117753
1301	1	1	1.8	1	0:00:02.110171
1302	6	5	0.414	0	0:00:02.112609
1303	4	-1	0.0	0	0:00:02.113290
1304	4	-1	0.0	0	0:00:02.115370
1305	9	9	0.617	1	0:00:02.099434
1306	1	8	0.147	0	0:00:02.114154
1307	2	0	1.56	0	0:00:02.111178
1308	5	4	0.106	0	0:00:02.112317
1309	6	6	0.541	1	0:00:02.102133
1310	0	0	1.91	1	0:00:02.116702
1311	8	8	1.14	1	0:00:02.106668
1312	6	6	0.859	1	0:00:02.105831
1313	1	1	1.18	1	0:00:02.108830
1314	9	9	1.75	1	0:00:02.108126
1315	4	2	0.221	0	0:00:02.115856
1316	5	5	1.71	1	0:00:02.106068
1317	9	9	1.91	1	0:00:02.114805
1318	5	5	0.871	1	0:00:02.098009
1319	0	0	1.24	1	0:00:02.105326
1320	7	2	0.0348	0	0:00:02.102769
1321	2	2	0.247	1	0:00:02.108036
1322	0	0	0.732	1	0:00:02.115157
1323	0	8	0.5	0	0:00:02.102068
1324	4	4	0.61	1	0:00:02.107940
1325	2	-1	0.0	0	0:00:02.107181
1326	6	6	0.552	1	0:00:02.110459
1327	6	6	1.71	1	0:00:02.109981
1328	5	5	0.107	1	0:00:02.109344
1329	5	7	0.491	0	0:00:02.110253
1330	2	3	0.0235	0	0:00:02.101267
1331	8	8	1.91	1	0:00:02.105343
1332	1	1	0.174	1	0:00:02.110051
1333	7	-1	0.0	0	0:00:02.106287
1334	3	2	0.444	0	0:00:02.109557
1335	1	1	1.64	1	0:00:02.100948
1336	4	4	0.237	1	0:00:02.104192
1337	5	5	0.0162	1	0:00:02.104933
1338	6	6	1.54	1	0:00:02.104823
1339	5	3	0.013	0	0:00:02.110566
1340	1	1	1.6	1	0:00:02.103503
1341	4	4	0.338	1	0:00:02.115164
1342	7	7	0.41	1	0:00:02.102350
1343	0	0	1.59	1	0:00:02.107401
1344	9	9	0.218	1	0:00:02.099091
1345	4	2	0.141	0	0:00:02.108944
1346	3	-1	0.0	0	0:00:02.107842
1347	8	8	1.91	1	0:00:02.106265
1348	2	-1	0.0	0	0:00:02.107986
1349	8	8	1.75	1	0:00:02.105501
1350	4	6	0.155	0	0:00:02.104105
1351	7	7	1.36	1	0:00:02.106712
1352	2	4	0.156	0	0:00:02.107196
1353	3	-1	0.0	0	0:00:02.113621
1354	1	1	1.22	1	0:00:02.099700
1355	5	6	0.0178	0	0:00:02.102512
1356	2	2	0.166	1	0:00:02.111679
1357	9	9	0.171	1	0:00:02.110534
1358	8	8	1.38	1	0:00:02.106412
1359	9	9	1.8	1	0:00:02.102779
1360	7	7	0.862	1	0:00:02.111406
1361	9	9	1.2	1	0:00:02.108829
1362	5	5	0.595	1	0:00:02.104047
1363	1	1	1.59	1	0:00:02.102576
1364	4	4	1.71	1	0:00:02.101602
1365	0	0	1.26	1	0:00:02.105604
1366	8	8	1.49	1	0:00:02.114227
1367	2	2	0.434	1	0:00:02.108490
1368	3	3	0.44	1	0:00:02.113897
1369	8	8	1.47	1	0:00:02.109641
1370	9	9	0.507	1	0:00:02.109757
1371	1	1	1.44	1	0:00:02.106836
1372	1	9	0.0462	0	0:00:02.110491
1373	3	-1	0.0	0	0:00:02.107544
1374	2	0	0.393	0	0:00:02.100790
1375	4	4	1.91	1	0:00:02.115035
1376	9	9	0.664	1	0:00:02.099849
1377	3	-1	0.0	0	0:00:02.108938
1378	1	1	0.998	1	0:00:02.102747
1379	7	7	0.51	1	0:00:02.109384
1380	4	5	0.0542	0	0:00:02.107298
1381	6	6	0.514	1	0:00:02.107686
1382	2	-1	0.0	0	0:00:02.101697
1383	8	-1	0.0	0	0:00:02.106090
1384	9	9	0.864	1	0:00:02.104166
1385	5	5	0.83	1	0:00:02.103436
1386	3	3	1.23	1	0:00:02.106008
1387	9	9	1.91	1	0:00:02.102898
1388	5	-1	0.0	0	0:00:02.111837
1389	5	4	0.266	0	0:00:02.108592
1390	6	6	1.28	1	0:00:02.110670
1391	7	4	0.294	0	0:00:02.105084
1392	2	2	1.68	1	0:00:02.105886
1393	4	-1	0.0	0	0:00:02.105498
1394	6	5	0.268	0	0:00:02.108629
1395	3	-1	0.0	0	0:00:02.113402
1396	1	1	0.163	1	0:00:02.106118
1397	0	0	1.8	1	0:00:02.111780
1398	7	7	0.502	1	0:00:02.112099
1399	2	0	0.102	0	0:00:02.107474
1400	5	3	0.162	0	0:00:02.107054
1401	4	4	0.0871	1	0:00:02.107121
1402	7	7	0.694	1	0:00:02.110736
1403	6	4	0.105	0	0:00:02.115626
1404	1	1	1.1	1	0:00:02.112554
1405	1	1	0.195	1	0:00:02.113195
1406	9	9	0.498	1	0:00:02.109846
1407	8	8	0.129	1	0:00:02.108924
1408	1	1	1.2	1	0:00:02.116003
1409	0	0	0.464	1	0:00:02.118167
1410	1	1	1.91	1	0:00:02.109556
1411	3	3	0.697	1	0:00:02.117446
1412	1	1	1.71	1	0:00:02.112351
1413	1	1	0.698	1	0:00:02.105476
1414	1	1	1.29	1	0:00:02.117804
1415	7	7	0.964	1	0:00:02.116621
1416	3	7	0.536	0	0:00:02.121994
1417	9	9	0.455	1	0:00:02.111520
1418	6	6	0.366	1	0:00:02.110842
1419	8	8	1.91	1	0:00:02.109781
1420	4	4	0.019	1	0:00:02.117326
1421	6	6	1.28	1	0:00:02.108568
1422	8	8	0.586	1	0:00:02.110303
1423	4	4	0.914	1	0:00:02.104678
1424	9	9	1.16	1	0:00:02.116472
1425	4	4	0.129	1	0:00:02.115887
1426	7	7	1.55	1	0:00:02.113022
1427	9	9	0.863	1	0:00:02.112692
1428	7	7	0.184	1	0:00:02.115627
1429	6	6	0.0839	1	0:00:02.115538
1430	8	8	0.373	1	0:00:02.117402
1431	4	4	0.838	1	0:00:02.112841
1432	9	9	1.91	1	0:00:02.111941
1433	7	7	0.439	1	0:00:02.111577
1434	0	0	0.152	1	0:00:02.108109
1435	1	1	1.71	1	0:00:02.117043
1436	6	6	1.91	1	0:00:02.111657
1437	1	1	0.747	1	0:00:02.109693
1438	5	2	0.486	0	0:00:02.117181
1439	9	9	0.00916	1	0:00:02.118141
1440	0	0	0.0358	1	0:00:02.110216
1441	4	4	0.484	1	0:00:02.108383
1442	3	5	0.413	0	0:00:02.109165
1443	4	4	0.306	1	0:00:02.116524
1444	1	1	1.59	1	0:00:02.114743
1445	3	3	0.161	1	0:00:02.118841
1446	0	0	0.899	1	0:00:02.108781
1447	8	8	0.891	1	0:00:02.121093
1448	4	4	0.911	1	0:00:02.108367
1449	6	6	1.8	1	0:00:02.114440
1450	2	2	0.775	1	0:00:02.111870
1451	2	2	0.0852	1	0:00:02.113625
1452	6	6	0.119	1	0:00:02.111358
1453	5	6	0.0803	0	0:00:02.115641
1454	3	3	0.0237	1	0:00:02.111604
1455	6	6	1.21	1	0:00:02.113120
1456	2	-1	0.0	0	0:00:02.112906
1457	1	1	1.25	1	0:00:02.111674
1458	1	1	1.0	1	0:00:02.112928
1459	8	8	0.318	1	0:00:02.111914
1460	6	6	1.16	1	0:00:02.113576
1461	0	0	1.48	1	0:00:02.110303
1462	4	-1	0.0	0	0:00:02.113792
1463	0	0	0.628	1	0:00:02.111915
1464	1	1	0.522	1	0:00:02.113765
1465	9	9	0.465	1	0:00:02.117614
1466	7	7	1.91	1	0:00:02.112941
1467	1	1	1.38	1	0:00:02.114977
1468	3	3	0.158	1	0:00:02.119162
1469	7	7	1.75	1	0:00:02.113955
1470	7	-1	0.0	0	0:00:02.115098
1471	8	8	0.259	1	0:00:02.112213
1472	7	7	0.631	1	0:00:02.116952
1473	7	7	1.91	1	0:00:02.110415
1474	3	7	0.774	0	0:00:02.117491
1475	9	9	1.39	1	0:00:02.124568
1476	7	7	1.91	1	0:00:02.117748
1477	7	7	0.444	1	0:00:02.116312
1478	7	7	0.0543	1	0:00:02.119826
1479	2	-1	0.0	0	0:00:02.113129
1480	1	1	0.685	1	0:00:02.119195
1481	2	2	1.45	1	0:00:02.120353
1482	8	8	0.729	1	0:00:02.111130
1483	6	6	1.39	1	0:00:02.116912
1484	4	-1	0.0	0	0:00:02.114446
1485	0	0	0.8	1	0:00:02.119677
1486	7	7	1.48	1	0:00:02.121769
1487	9	9	0.863	1	0:00:02.113988
1488	8	8	0.591	1	0:00:02.115546
1489	6	6	0.401	1	0:00:02.121805
1490	8	8	1.91	1	0:00:02.115198
1491	4	-1	0.0	0	0:00:02.117279
1492	9	9	0.00985	1	0:00:02.121268
1493	1	1	0.575	1	0:00:02.115006
1494	7	2	0.647	0	0:00:02.122675
1495	2	0	0.64	0	0:00:02.115849
1496	2	2	0.59	1	0:00:02.123052
1497	8	8	1.8	1	0:00:02.113335
1498	5	3	1.25	0	0:00:02.119639
1499	8	8	0.0356	1	0:00:02.122662
1500	1	1	0.698	1	0:00:02.115412
1501	2	3	0.0679	0	0:00:02.119344
1502	2	4	0.00101	0	0:00:02.120754
1503	4	-1	0.0	0	0:00:02.114294
1504	1	-1	0.0	0	0:00:02.117259
1505	2	-1	0.0	0	0:00:02.115001
1506	5	7	1.35	0	0:00:02.120666
1507	2	-1	0.0	0	0:00:02.120591
1508	8	8	1.07	1	0:00:02.123998
1509	1	1	0.748	1	0:00:02.116785
1510	8	-1	0.0	0	0:00:02.114751
1511	1	1	1.91	1	0:00:02.122220
1512	8	8	0.54	1	0:00:02.119388
1513	6	-1	0.0	0	0:00:02.123944
1514	0	-1	0.0	0	0:00:02.118955
1515	2	2	0.755	1	0:00:02.117172
1516	4	4	0.606	1	0:00:02.116945
1517	1	1	1.26	1	0:00:02.118819
1518	3	3	0.388	1	0:00:02.117099
1519	6	6	1.09	1	0:00:02.111493
1520	7	7	1.13	1	0:00:02.119173
1521	7	7	0.402	1	0:00:02.116708
1522	4	4	0.969	1	0:00:02.115804
1523	4	4	1.03	1	0:00:02.118867
1524	3	3	0.399	1	0:00:02.113247
1525	3	5	0.205	0	0:00:02.118825
1526	4	-1	0.0	0	0:00:02.123374
1527	5	3	0.0357	0	0:00:02.131100
1528	2	2	1.47	1	0:00:02.117225
1529	4	-1	0.0	0	0:00:02.124944
1530	3	3	0.169	1	0:00:02.126755
1531	7	7	0.42	1	0:00:02.111713
1532	8	0	0.308	0	0:00:02.122200
1533	4	4	0.51	1	0:00:02.124484
1534	4	4	0.518	1	0:00:02.115925
1535	4	2	0.537	0	0:00:02.128299
1536	5	3	0.0285	0	0:00:02.120919
1537	4	4	0.366	1	0:00:02.118745
1538	3	9	0.202	0	0:00:02.122112
1539	2	-1	0.0	0	0:00:02.118195
1540	8	8	1.71	1	0:00:02.122015
1541	4	4	0.548	1	0:00:02.124498
1542	5	5	0.867	1	0:00:02.128714
1543	5	3	0.0913	0	0:00:02.116681
1544	4	4	0.825	1	0:00:02.123177
1545	1	9	0.13	0	0:00:02.123106
1546	4	4	0.758	1	0:00:02.123139
1547	2	2	0.0334	1	0:00:02.122523
1548	5	3	0.025	0	0:00:02.114901
1549	1	1	0.29	1	0:00:02.120066
1550	6	6	0.864	1	0:00:02.124237
1551	4	4	0.0197	1	0:00:02.116831
1552	3	-1	0.0	0	0:00:02.137111
1553	4	4	0.379	1	0:00:02.122899
1554	4	6	0.136	0	0:00:02.120984
1555	0	0	0.79	1	0:00:02.121764
1556	8	8	0.513	1	0:00:02.128571
1557	8	8	1.13	1	0:00:02.117858
1558	4	4	0.769	1	0:00:02.120800
1559	5	5	0.385	1	0:00:02.140419
1560	7	7	1.91	1	0:00:02.126865
1561	5	5	1.04	1	0:00:02.124658
1562	6	6	1.75	1	0:00:02.117355
1563	9	9	1.8	1	0:00:02.122046
1564	1	1	0.933	1	0:00:02.119426
1565	6	6	0.372	1	0:00:02.127512
1566	7	7	0.925	1	0:00:02.125033
1567	2	2	1.27	1	0:00:02.122472
1568	0	0	0.483	1	0:00:02.116586
1569	1	1	0.982	1	0:00:02.120482
1570	4	4	0.298	1	0:00:02.120232
1571	5	5	0.308	1	0:00:02.123963
1572	6	-1	0.0	0	0:00:02.119269
1573	0	0	0.22	1	0:00:02.117129
1574	0	9	0.44	0	0:00:02.127106
1575	2	2	0.331	1	0:00:02.114581
1576	7	6	0.174	0	0:00:02.129173
1577	5	-1	0.0	0	0:00:02.123774
1578	6	6	0.645	1	0:00:02.125320
1579	0	0	1.75	1	0:00:02.121696
1580	6	1	0.216	0	0:00:02.123609
1581	2	9	0.0602	0	0:00:02.123012
1582	9	9	1.91	1	0:00:02.124479
1583	1	3	0.446	0	0:00:02.131203
1584	7	7	0.501	1	0:00:02.124340
1585	7	7	1.91	1	0:00:02.118315
1586	5	5	0.964	1	0:00:02.118304
1587	2	0	0.401	0	0:00:02.116431
1588	5	5	0.538	1	0:00:02.119849
1589	6	6	1.91	1	0:00:02.128580
1590	4	2	0.114	0	0:00:02.124566
1591	1	1	1.91	1	0:00:02.120905
1592	4	4	0.636	1	0:00:02.124710
1593	3	3	0.601	1	0:00:02.122358
1594	3	3	0.161	1	0:00:02.121307
1595	3	6	0.335	0	0:00:02.125539
1596	0	0	0.989	1	0:00:02.126968
1597	3	3	0.419	1	0:00:02.124348
1598	5	5	0.412	1	0:00:02.125485
1599	5	5	0.927	1	0:00:02.130789
1600	8	9	0.154	0	0:00:02.115448
1601	9	9	0.817	1	0:00:02.124830
1602	7	7	0.38	1	0:00:02.117783
1603	3	3	0.775	1	0:00:02.119462
1604	1	1	1.63	1	0:00:02.121737
1605	3	2	0.38	0	0:00:02.122823
1606	3	3	0.105	1	0:00:02.118642
1607	3	-1	0.0	0	0:00:02.125368
1608	4	4	0.593	1	0:00:02.122153
1609	4	4	0.309	1	0:00:02.124753
1610	2	0	0.152	0	0:00:02.123816
1611	3	3	0.718	1	0:00:02.119192
1612	3	-1	0.0	0	0:00:02.122123
1613	8	8	0.401	1	0:00:02.118539
1614	1	1	1.91	1	0:00:02.120429
1615	7	7	1.02	1	0:00:02.124748
1616	7	7	1.12	1	0:00:02.119971
1617	0	0	1.91	1	0:00:02.117816
1618	7	7	0.0615	1	0:00:02.128171
1619	4	4	1.04	1	0:00:02.119063
1620	5	-1	0.0	0	0:00:02.121318
1621	1	1	1.57	1	0:00:02.122908
1622	4	4	0.126	1	0:00:02.128120
1623	2	-1	0.0	0	0:00:02.122299
1624	4	4	0.771	1	0:00:02.118188
1625	3	3	0.551	1	0:00:02.126336
1626	9	-1	0.0	0	0:00:02.121792
1627	9	9	1.91	1	0:00:02.124215
1628	4	-1	0.0	0	0:00:02.118625
1629	9	9	1.33	1	0:00:02.116231
1630	9	9	1.07	1	0:00:02.127768
1631	1	1	0.939	1	0:00:02.121277
1632	8	8	0.577	1	0:00:02.124655
1633	1	8	0.204	0	0:00:02.112492
1634	6	6	1.16	1	0:00:02.128365
1635	7	7	0.917	1	0:00:02.116351
1636	5	2	0.106	0	0:00:02.120019
1637	5	5	0.535	1	0:00:02.113712
1638	4	-1	0.0	0	0:00:02.129884
1639	9	9	0.66	1	0:00:02.121655
1640	7	3	0.251	0	0:00:02.129761
1641	6	6	0.518	1	0:00:02.120752
1642	5	5	0.0849	1	0:00:02.130029
1643	9	9	0.814	1	0:00:02.120588
1644	2	-1	0.0	0	0:00:02.120058
1645	4	4	0.937	1	0:00:02.117562
1646	0	0	1.71	1	0:00:02.117204
1647	7	7	1.1	1	0:00:02.127161
1648	8	8	0.973	1	0:00:02.115700
1649	5	-1	0.0	0	0:00:02.121357
1650	5	5	1.91	1	0:00:02.122666
1651	0	0	1.51	1	0:00:02.124296
1652	0	0	1.63	1	0:00:02.126157
1653	9	8	0.073	0	0:00:02.127767
1654	9	9	1.11	1	0:00:02.121386
1655	8	8	1.33	1	0:00:02.113590
1656	2	2	0.417	1	0:00:02.123766
1657	5	5	0.749	1	0:00:02.117009
1658	4	4	0.268	1	0:00:02.125928
1659	8	8	1.54	1	0:00:02.125427
1660	3	3	0.404	1	0:00:02.118201
1661	6	6	0.267	1	0:00:02.119510
1662	3	9	0.287	0	0:00:02.121046
1663	6	6	0.0433	1	0:00:02.124095
1664	0	0	1.23	1	0:00:02.118241
1665	6	6	1.44	1	0:00:02.114594
1666	6	6	0.309	1	0:00:02.128230
1667	6	6	0.147	1	0:00:02.122733
1668	9	-1	0.0	0	0:00:02.126659
1669	6	6	0.243	1	0:00:02.112906
1670	6	4	0.433	0	0:00:02.119597
1671	8	8	1.91	1	0:00:02.116705
1672	6	6	0.818	1	0:00:02.120449
1673	2	6	0.343	0	0:00:02.114406
1674	4	4	0.551	1	0:00:02.116103
1675	5	-1	0.0	0	0:00:02.119927
1676	8	8	1.07	1	0:00:02.117937
1677	1	1	1.91	1	0:00:02.118667
1678	2	2	0.315	1	0:00:02.111361
1679	7	7	1.09	1	0:00:02.122313
1680	6	6	1.02	1	0:00:02.121512
1681	5	6	0.133	0	0:00:02.113718
1682	7	7	0.849	1	0:00:02.121614
1683	8	0	0.171	0	0:00:02.116203
1684	1	9	0.426	0	0:00:02.121720
1685	8	4	0.0118	0	0:00:02.118235
1686	0	8	0.868	0	0:00:02.116466
1687	8	8	0.513	1	0:00:02.116735
1688	6	6	0.517	1	0:00:02.120823
1689	9	7	0.568	0	0:00:02.110397
1690	2	0	0.264	0	0:00:02.119499
1691	8	8	1.48	1	0:00:02.114494
1692	9	9	0.844	1	0:00:02.117435
1693	4	8	0.0887	0	0:00:02.116726
1694	0	0	1.91	1	0:00:02.119859
1695	9	9	0.5	1	0:00:02.125703
1696	4	4	0.688	1	0:00:02.117343
1697	9	9	0.712	1	0:00:02.116878
1698	5	5	0.432	1	0:00:02.118533
1699	7	7	0.533	1	0:00:02.126381
1700	5	5	0.212	1	0:00:02.107776
1701	5	5	0.549	1	0:00:02.126035
1702	9	9	0.0925	1	0:00:02.111557
1703	5	5	0.987	1	0:00:02.121393
1704	3	0	0.157	0	0:00:02.113724
1705	0	0	1.91	1	0:00:02.114184
1706	1	1	1.45	1	0:00:02.116385
1707	9	9	1.41	1	0:00:02.122366
1708	7	7	0.713	1	0:00:02.118418
1709	2	2	0.166	1	0:00:02.115936
1710	4	4	0.481	1	0:00:02.116413
1711	1	1	1.63	1	0:00:02.120043
1712	0	0	1.55	1	0:00:02.115947
1713	8	1	0.197	0	0:00:02.108703
1714	0	0	0.962	1	0:00:02.118738
1715	3	-1	0.0	0	0:00:02.106921
1716	1	1	0.988	1	0:00:02.119235
1717	7	7	1.8	1	0:00:02.110189
1718	0	8	1.11	0	0:00:02.113778
1719	0	0	1.47	1	0:00:02.116410
1720	4	4	0.245	1	0:00:02.119020
1721	8	8	0.222	1	0:00:02.110518
1722	6	6	1.09	1	0:00:02.117011
1723	2	7	0.642	0	0:00:02.112898
1724	4	2	0.247	0	0:00:02.122248
1725	0	0	1.91	1	0:00:02.112650
1726	0	0	1.57	1	0:00:02.114491
1727	9	8	0.31	0	0:00:02.117255
1728	0	-1	0.0	0	0:00:02.122936
1729	8	8	1.91	1	0:00:02.111253
1730	4	0	0.521	0	0:00:02.117306
1731	5	6	0.695	0	0:00:02.118398
1732	9	9	0.447	1	0:00:02.109314
1733	3	3	1.13	1	0:00:02.114166
1734	9	9	1.43	1	0:00:02.117428
1735	0	0	1.0	1	0:00:02.111975
1736	5	6	0.173	0	0:00:02.120493
1737	6	6	0.0543	1	0:00:02.121865
1738	5	5	0.178	1	0:00:02.113171
1739	0	7	0.0874	0	0:00:02.110445
1740	1	9	0.0081	0	0:00:02.121029
1741	4	5	0.266	0	0:00:02.113261
1742	8	8	1.91	1	0:00:02.108095
1743	1	1	1.91	1	0:00:02.109924
1744	0	0	1.43	1	0:00:02.122081
1745	5	5	0.96	1	0:00:02.111710
1746	2	-1	0.0	0	0:00:02.114733
1747	1	1	0.584	1	0:00:02.116673
1748	0	0	1.02	1	0:00:02.106064
1749	2	2	0.041	1	0:00:02.111844
1750	8	8	0.788	1	0:00:02.124324
1751	1	1	1.29	1	0:00:02.117053
1752	5	5	1.5	1	0:00:02.120071
1753	6	6	0.754	1	0:00:02.106496
1754	7	7	1.63	1	0:00:02.118380
1755	7	7	1.17	1	0:00:02.122229
1756	2	-1	0.0	0	0:00:02.106412
1757	6	6	0.711	1	0:00:02.108965
1758	2	2	1.28	1	0:00:02.110422
1759	5	5	0.572	1	0:00:02.117848
1760	0	0	0.335	1	0:00:02.107723
1761	1	1	1.13	1	0:00:02.117394
1762	4	4	0.247	1	0:00:02.110160
1763	2	2	0.739	1	0:00:02.115157
1764	5	-1	0.0	0	0:00:02.110561
1765	4	6	0.158	0	0:00:02.113621
1766	6	-1	0.0	0	0:00:02.106110
1767	2	4	0.159	0	0:00:02.110736
1768	2	2	0.791	1	0:00:02.117924
1769	1	1	0.157	1	0:00:02.111888
1770	7	7	0.752	1	0:00:02.110327
1771	2	2	0.256	1	0:00:02.110150
1772	8	9	0.215	0	0:00:02.115889
1773	5	5	0.33	1	0:00:02.112001
1774	5	5	0.167	1	0:00:02.113325
1775	3	3	0.543	1	0:00:02.106151
1776	0	0	1.91	1	0:00:02.110940
1777	4	4	0.35	1	0:00:02.123364
1778	8	8	0.5	1	0:00:02.107917
1779	3	5	0.0649	0	0:00:02.115211
1780	7	7	0.676	1	0:00:02.119582
1781	6	6	1.55	1	0:00:02.107264
1782	3	-1	0.0	0	0:00:02.110506
1783	8	8	1.71	1	0:00:02.118219
1784	1	1	1.2	1	0:00:02.108307
1785	0	2	0.35	0	0:00:02.114354
1786	1	1	0.203	1	0:00:02.112263
1787	3	3	0.0595	1	0:00:02.111361
1788	3	6	0.367	0	0:00:02.110983
1789	0	0	0.627	1	0:00:02.104467
1790	7	5	0.151	0	0:00:02.123139
1791	4	6	0.282	0	0:00:02.105371
1792	9	9	1.91	1	0:00:02.107560
1793	5	5	1.19	1	0:00:02.106418
1794	3	3	0.0474	1	0:00:02.114762
1795	6	6	0.372	1	0:00:02.114529
1796	0	0	1.91	1	0:00:02.115134
1797	1	1	0.804	1	0:00:02.108782
1798	4	4	0.0953	1	0:00:02.111215
1799	4	4	0.0581	1	0:00:02.113279
1800	4	-1	0.0	0	0:00:02.105205
1801	4	4	1.57	1	0:00:02.115123
1802	2	2	0.272	1	0:00:02.106819
1803	2	6	0.0351	0	0:00:02.112891
1804	5	-1	0.0	0	0:00:02.110966
1805	8	8	0.949	1	0:00:02.111604
1806	1	1	0.0551	1	0:00:02.115745
1807	5	7	0.157	0	0:00:02.108323
1808	9	9	0.169	1	0:00:02.106189
1809	8	8	0.624	1	0:00:02.115029
1810	1	1	0.287	1	0:00:02.110913
1811	1	8	0.456	0	0:00:02.110178
1812	5	7	0.371	0	0:00:02.116468
1813	3	2	0.265	0	0:00:02.108346
1814	9	9	0.755	1	0:00:02.106135
1815	9	9	1.38	1	0:00:02.104087
1816	7	7	0.749	1	0:00:02.112199
1817	6	6	0.711	1	0:00:02.106181
1818	5	5	0.814	1	0:00:02.109693
1819	0	0	1.1	1	0:00:02.120573
1820	8	-1	0.0	0	0:00:02.105193
1821	4	-1	0.0	0	0:00:02.114584
1822	7	5	0.0196	0	0:00:02.112671
1823	0	4	0.27	0	0:00:02.099127
1824	9	9	1.12	1	0:00:02.112134
1825	2	2	1.68	1	0:00:02.107901
1826	8	8	1.56	1	0:00:02.111624
1827	4	4	1.53	1	0:00:02.114164
1828	7	7	0.187	1	0:00:02.106134
1829	1	9	0.425	0	0:00:02.113478
1830	3	2	0.615	0	0:00:02.110534
1831	9	9	0.843	1	0:00:02.110751
1832	6	-1	0.0	0	0:00:02.116653
1833	8	8	1.66	1	0:00:02.107223
1834	9	9	0.0441	1	0:00:02.104024
1835	0	-1	0.0	0	0:00:02.113142
1836	4	4	0.415	1	0:00:02.113588
1837	9	-1	0.0	0	0:00:02.110678
1838	6	-1	0.0	0	0:00:02.109785
1839	7	7	1.91	1	0:00:02.107163
1840	8	-1	0.0	0	0:00:02.109431
1841	9	8	0.0755	0	0:00:02.108833
1842	4	4	1.06	1	0:00:02.105975
1843	8	8	1.49	1	0:00:02.103423
1844	9	9	0.64	1	0:00:02.111475
1845	7	-1	0.0	0	0:00:02.116240
1846	2	2	0.529	1	0:00:02.109675
1847	5	3	0.0889	0	0:00:02.109098
1848	3	3	0.857	1	0:00:02.115888
1849	7	7	1.71	1	0:00:02.118086
1850	1	0	0.0932	0	0:00:02.104901
1851	0	0	1.05	1	0:00:02.112841
1852	2	8	0.15	0	0:00:02.112488
1853	9	9	0.923	1	0:00:02.106774
1854	5	5	0.334	1	0:00:02.102510
1855	5	5	0.362	1	0:00:02.113668
1856	8	8	1.91	1	0:00:02.113310
1857	5	5	1.32	1	0:00:02.105548
1858	4	-1	0.0	0	0:00:02.110324
1859	2	2	0.262	1	0:00:02.110144
1860	8	8	1.63	1	0:00:02.106240
1861	3	3	0.49	1	0:00:02.118119
1862	5	-1	0.0	0	0:00:02.113978
1863	5	-1	0.0	0	0:00:02.110512
1864	7	7	1.91	1	0:00:02.106636
1865	7	7	0.493	1	0:00:02.109099
1866	8	8	1.91	1	0:00:02.109932
1867	6	6	0.437	1	0:00:02.117935
1868	2	-1	0.0	0	0:00:02.108238
1869	8	8	0.905	1	0:00:02.107719
1870	2	2	1.2	1	0:00:02.112727
1871	3	3	0.585	1	0:00:02.105605
1872	5	5	0.903	1	0:00:02.100790
1873	6	6	0.207	1	0:00:02.116978
1874	8	8	0.704	1	0:00:02.103809
1875	0	0	1.57	1	0:00:02.109908
1876	2	-1	0.0	0	0:00:02.110144
1877	3	3	0.517	1	0:00:02.118209
1878	7	7	1.29	1	0:00:02.104221
1879	0	0	0.437	1	0:00:02.105982
1880	1	1	1.59	1	0:00:02.107636
1881	9	9	1.8	1	0:00:02.109869
1882	1	1	1.12	1	0:00:02.098238
1883	3	6	0.381	0	0:00:02.113524
1884	7	2	0.163	0	0:00:02.101176
1885	5	5	0.608	1	0:00:02.106203
1886	8	9	0.236	0	0:00:02.117913
1887	3	-1	0.0	0	0:00:02.102983
