idx	label	predict	radius	correct	time
888	0	8	0.322	0	0:00:20.280413
889	4	-1	0.0	0	0:00:13.771426
890	4	-1	0.0	0	0:00:13.774798
891	6	6	0.945	1	0:00:13.787374
892	7	7	1.12	1	0:00:13.795570
893	6	-1	0.0	0	0:00:13.778113
894	1	1	1.8	1	0:00:13.792413
895	1	1	1.75	1	0:00:13.799267
896	3	3	1.23	1	0:00:13.814913
897	7	7	0.863	1	0:00:13.823236
898	3	3	0.101	1	0:00:13.829162
899	5	5	1.75	1	0:00:13.806014
900	2	6	0.00214	0	0:00:13.806577
901	6	6	1.42	1	0:00:13.815768
902	6	6	0.797	1	0:00:13.831454
903	5	5	0.618	1	0:00:13.836818
904	8	8	0.649	1	0:00:13.824707
905	7	7	0.0931	1	0:00:13.822972
906	1	1	0.34	1	0:00:13.802441
907	6	6	0.292	1	0:00:13.806670
908	8	8	1.4	1	0:00:13.818965
909	8	8	1.23	1	0:00:13.832613
910	5	-1	0.0	0	0:00:13.834434
911	3	3	1.6	1	0:00:13.826002
912	0	2	0.0771	0	0:00:13.839783
913	4	4	1.06	1	0:00:13.839689
914	0	-1	0.0	0	0:00:13.829839
915	1	1	1.28	1	0:00:13.832276
916	3	-1	0.0	0	0:00:13.842193
917	8	8	1.29	1	0:00:13.819916
918	8	8	1.15	1	0:00:13.830842
919	0	4	0.136	0	0:00:13.810785
920	6	6	0.124	1	0:00:13.823748
921	9	9	1.8	1	0:00:13.829416
922	9	9	0.891	1	0:00:13.826377
923	9	9	0.0175	1	0:00:13.813030
924	5	5	0.0505	1	0:00:13.821057
925	5	3	1.8	0	0:00:13.833101
926	8	8	1.56	1	0:00:13.837678
927	6	6	0.046	1	0:00:13.840951
928	0	0	0.283	1	0:00:13.833853
929	0	0	0.0945	1	0:00:13.821909
930	4	4	1.03	1	0:00:13.841363
931	2	2	1.47	1	0:00:13.839601
932	3	3	0.198	1	0:00:13.842473
933	2	3	0.869	0	0:00:13.841291
934	7	7	1.91	1	0:00:13.847547
935	2	2	1.41	1	0:00:13.813884
936	2	2	0.733	1	0:00:13.833622
937	5	5	0.442	1	0:00:13.859038
938	9	-1	0.0	0	0:00:13.840061
939	8	8	1.75	1	0:00:13.857735
940	9	9	1.39	1	0:00:13.863549
941	1	9	0.418	0	0:00:13.851109
942	7	7	1.04	1	0:00:13.857045
943	4	-1	0.0	0	0:00:13.861311
944	0	0	0.803	1	0:00:13.849331
945	3	3	0.421	1	0:00:13.858437
946	0	0	1.91	1	0:00:13.849437
947	1	1	1.03	1	0:00:13.845712
948	3	-1	0.0	0	0:00:13.864747
949	8	8	0.849	1	0:00:13.846373
950	3	-1	0.0	0	0:00:13.852404
951	9	9	1.75	1	0:00:13.855588
952	6	6	0.366	1	0:00:13.843558
953	1	1	0.0372	1	0:00:13.851348
954	4	4	0.558	1	0:00:13.861460
955	7	7	1.68	1	0:00:13.832295
956	0	-1	0.0	0	0:00:13.853150
957	3	3	0.0301	1	0:00:13.842572
958	7	7	0.612	1	0:00:13.859180
959	8	8	1.75	1	0:00:13.857202
960	9	9	0.371	1	0:00:13.843438
961	1	1	0.171	1	0:00:13.848233
962	1	1	0.919	1	0:00:13.847450
963	6	6	1.04	1	0:00:13.833326
964	6	6	0.0248	1	0:00:13.831194
965	6	-1	0.0	0	0:00:13.841575
966	6	-1	0.0	0	0:00:13.841120
967	9	9	0.886	1	0:00:13.831600
968	1	1	1.57	1	0:00:13.852349
969	9	9	0.875	1	0:00:13.861074
970	9	9	1.47	1	0:00:13.839540
971	4	4	0.507	1	0:00:13.849703
972	2	2	0.157	1	0:00:13.850256
973	1	1	1.32	1	0:00:13.838250
974	7	2	0.604	0	0:00:13.852098
975	0	0	1.91	1	0:00:13.822688
976	6	6	0.667	1	0:00:13.826546
977	8	8	1.27	1	0:00:13.834515
978	1	1	0.644	1	0:00:13.829094
979	9	9	0.402	1	0:00:13.835479
980	2	6	0.104	0	0:00:13.815558
981	9	9	0.213	1	0:00:13.826612
982	0	-1	0.0	0	0:00:13.846188
983	4	4	0.216	1	0:00:13.829788
984	7	7	0.159	1	0:00:13.827923
985	8	8	1.91	1	0:00:13.849898
986	3	3	0.412	1	0:00:13.841012
987	1	1	1.05	1	0:00:13.833954
988	2	2	0.517	1	0:00:13.842691
989	0	0	0.249	1	0:00:13.824538
990	1	1	0.718	1	0:00:13.829367
991	5	5	0.1	1	0:00:13.822228
992	8	8	0.307	1	0:00:13.832541
993	4	7	0.153	0	0:00:13.826480
994	6	6	0.275	1	0:00:13.830758
995	3	-1	0.0	0	0:00:13.811434
996	8	8	0.831	1	0:00:13.797988
997	1	1	0.295	1	0:00:13.823241
998	3	3	1.33	1	0:00:13.834145
999	8	8	1.41	1	0:00:13.813762
1000	5	5	1.54	1	0:00:13.813692
1001	0	-1	0.0	0	0:00:13.802793
1002	8	9	0.0197	0	0:00:13.804199
1003	4	4	0.457	1	0:00:13.804648
1004	8	8	1.43	1	0:00:13.806318
1005	1	1	0.639	1	0:00:13.819945
1006	1	1	1.11	1	0:00:13.828102
1007	8	8	0.615	1	0:00:13.833718
1008	9	1	0.483	0	0:00:13.814143
1009	6	-1	0.0	0	0:00:13.817186
1010	0	0	1.8	1	0:00:13.810151
1011	8	8	1.17	1	0:00:13.822732
1012	6	6	0.33	1	0:00:13.856801
1013	1	1	1.91	1	0:00:13.818571
1014	3	-1	0.0	0	0:00:13.832941
1015	4	4	0.576	1	0:00:13.843865
1016	1	1	0.543	1	0:00:13.843059
1017	6	6	0.802	1	0:00:13.827049
1018	0	0	1.39	1	0:00:13.820434
1019	5	-1	0.0	0	0:00:13.813639
1020	1	1	1.6	1	0:00:13.833149
1021	1	-1	0.0	0	0:00:13.837326
1022	0	0	1.42	1	0:00:13.825101
1023	0	0	0.925	1	0:00:13.823633
1024	3	5	0.283	0	0:00:13.833124
1025	5	5	0.595	1	0:00:13.835357
1026	0	0	0.276	1	0:00:13.828604
1027	0	4	0.494	0	0:00:13.820489
1028	6	6	0.3	1	0:00:13.825155
1029	6	6	1.15	1	0:00:13.841686
1030	3	3	0.792	1	0:00:13.849725
1031	3	3	1.36	1	0:00:13.816028
1032	6	-1	0.0	0	0:00:13.840143
1033	3	3	1.01	1	0:00:13.836086
1034	6	3	0.062	0	0:00:13.821371
1035	6	-1	0.0	0	0:00:13.816345
1036	0	0	0.0188	1	0:00:13.832954
1037	7	7	1.3	1	0:00:13.831040
1038	2	2	1.71	1	0:00:13.831170
1039	2	4	0.291	0	0:00:13.830794
1040	7	5	0.0897	0	0:00:13.829194
1041	5	5	0.84	1	0:00:13.850565
1042	5	2	0.207	0	0:00:13.832742
1043	2	2	0.519	1	0:00:13.832600
1044	8	8	1.34	1	0:00:13.818245
1045	5	3	0.186	0	0:00:13.850161
1046	2	2	0.856	1	0:00:13.818561
1047	1	-1	0.0	0	0:00:13.825808
1048	1	1	0.858	1	0:00:13.840389
1049	4	-1	0.0	0	0:00:13.844254
1050	3	3	0.31	1	0:00:13.818097
1051	2	-1	0.0	0	0:00:13.837613
1052	0	0	1.17	1	0:00:13.822298
1053	3	5	0.153	0	0:00:13.824808
1054	1	1	0.499	1	0:00:13.810381
1055	5	5	1.1	1	0:00:13.806822
1056	3	3	0.0487	1	0:00:13.813251
1057	7	5	0.721	0	0:00:13.813243
1058	6	6	0.373	1	0:00:13.834944
1059	8	8	0.899	1	0:00:13.828964
1060	9	9	1.91	1	0:00:13.818466
1061	1	1	0.568	1	0:00:13.806303
1062	6	6	0.833	1	0:00:13.820539
1063	4	4	0.605	1	0:00:13.824023
1064	9	3	0.371	0	0:00:13.826036
1065	3	9	0.703	0	0:00:13.819346
1066	9	1	1.39	0	0:00:13.809783
1067	0	0	1.91	1	0:00:13.824615
1068	9	9	1.11	1	0:00:13.832140
1069	6	6	1.52	1	0:00:13.837452
1070	3	3	0.129	1	0:00:13.835000
1071	6	6	1.48	1	0:00:13.831162
1072	0	8	1.05	0	0:00:13.833756
1073	7	7	1.91	1	0:00:13.816909
1074	3	3	1.22	1	0:00:13.832420
1075	8	8	0.705	1	0:00:13.837057
1076	0	0	0.883	1	0:00:13.822338
1077	0	0	1.8	1	0:00:13.818613
1078	0	0	1.68	1	0:00:13.775735
1079	6	6	1.14	1	0:00:13.821823
1080	6	6	0.207	1	0:00:13.814862
1081	6	6	1.16	1	0:00:13.845105
1082	9	9	0.684	1	0:00:13.843760
1083	2	5	0.0467	0	0:00:13.827636
1084	5	-1	0.0	0	0:00:13.829390
1085	4	4	1.55	1	0:00:13.828995
1086	4	4	0.614	1	0:00:13.851466
1087	6	6	0.533	1	0:00:13.850231
1088	3	3	0.65	1	0:00:13.852707
1089	6	6	0.707	1	0:00:13.837810
1090	0	0	0.991	1	0:00:13.834407
1091	8	8	1.68	1	0:00:13.848019
1092	6	6	0.592	1	0:00:13.843748
1093	0	4	0.334	0	0:00:13.835944
1094	6	-1	0.0	0	0:00:13.863971
1095	2	2	0.541	1	0:00:13.843220
1096	7	7	1.91	1	0:00:13.838158
1097	5	5	0.791	1	0:00:13.858221
1098	1	1	0.958	1	0:00:13.847198
1099	2	2	0.438	1	0:00:13.840674
1100	7	7	0.614	1	0:00:13.826320
1101	8	8	1.63	1	0:00:13.852508
1102	8	8	0.823	1	0:00:13.856208
1103	0	0	1.91	1	0:00:13.833547
1104	9	9	0.988	1	0:00:13.855395
1105	4	3	0.819	0	0:00:13.835256
1106	9	9	1.91	1	0:00:13.839596
1107	7	7	1.44	1	0:00:13.849096
1108	2	2	0.849	1	0:00:13.857325
1109	0	8	0.3	0	0:00:13.849726
1110	2	2	1.91	1	0:00:13.844138
1111	8	8	0.995	1	0:00:13.846347
1112	3	3	0.886	1	0:00:13.842939
1113	8	8	1.6	1	0:00:13.840535
1114	9	9	0.843	1	0:00:13.839998
1115	1	1	1.26	1	0:00:13.849233
1116	5	5	0.238	1	0:00:13.834613
1117	5	5	0.679	1	0:00:13.846441
1118	4	4	0.205	1	0:00:13.829641
1119	7	7	1.49	1	0:00:13.834884
1120	5	2	0.0714	0	0:00:13.839340
1121	3	3	0.82	1	0:00:13.831749
1122	8	8	0.697	1	0:00:13.822888
1123	3	-1	0.0	0	0:00:13.826119
1124	3	2	0.699	0	0:00:13.840122
1125	6	6	0.985	1	0:00:13.846751
1126	2	0	1.27	0	0:00:13.813460
1127	8	8	1.51	1	0:00:13.842811
1128	4	3	0.0655	0	0:00:13.862519
1129	3	-1	0.0	0	0:00:13.836949
1130	7	-1	0.0	0	0:00:13.845947
1131	1	9	0.137	0	0:00:13.847442
1132	2	6	0.149	0	0:00:13.838235
1133	4	-1	0.0	0	0:00:13.824884
1134	1	-1	0.0	0	0:00:13.850064
1135	6	6	0.796	1	0:00:13.843191
1136	9	9	0.198	1	0:00:13.823494
1137	0	9	0.109	0	0:00:13.845917
1138	5	6	0.0372	0	0:00:13.853028
1139	8	8	1.91	1	0:00:13.823253
1140	6	6	0.65	1	0:00:13.834332
1141	1	1	1.33	1	0:00:13.845349
1142	8	8	1.04	1	0:00:13.841568
1143	6	6	1.8	1	0:00:13.825489
1144	1	-1	0.0	0	0:00:13.827094
1145	4	4	0.106	1	0:00:13.835383
1146	2	2	0.0528	1	0:00:13.829709
1147	6	-1	0.0	0	0:00:13.838705
1148	2	2	0.263	1	0:00:13.857961
1149	7	-1	0.0	0	0:00:13.850936
1150	2	7	0.11	0	0:00:13.861704
1151	2	2	0.291	1	0:00:13.851145
1152	0	0	0.429	1	0:00:13.853894
1153	8	8	0.43	1	0:00:13.862982
1154	6	6	0.472	1	0:00:13.850857
1155	9	9	0.106	1	0:00:13.857514
1156	1	1	0.00346	1	0:00:13.850202
1157	7	7	1.03	1	0:00:13.855690
1158	1	1	0.487	1	0:00:13.862638
1159	8	8	0.635	1	0:00:13.840318
1160	8	8	0.264	1	0:00:13.857084
1161	0	0	0.837	1	0:00:13.870444
1162	7	7	1.42	1	0:00:13.853617
1163	3	-1	0.0	0	0:00:13.866307
1164	8	8	0.587	1	0:00:13.829680
1165	0	0	1.55	1	0:00:13.865731
1166	3	-1	0.0	0	0:00:13.869164
1167	4	2	0.858	0	0:00:13.851160
1168	3	3	0.0808	1	0:00:13.883724
1169	7	7	1.37	1	0:00:13.850750
1170	7	7	1.64	1	0:00:13.853956
1171	9	9	1.46	1	0:00:13.860301
1172	2	2	0.286	1	0:00:13.851587
1173	3	3	0.536	1	0:00:13.845088
1174	1	1	1.91	1	0:00:13.838629
1175	9	9	1.49	1	0:00:13.869285
1176	1	1	0.728	1	0:00:13.851322
1177	9	9	0.543	1	0:00:13.858682
1178	6	2	1.11	0	0:00:13.853721
1179	3	3	0.221	1	0:00:13.857743
1180	3	3	0.931	1	0:00:13.845746
1181	3	6	0.169	0	0:00:13.878222
1182	1	1	0.26	1	0:00:13.859182
1183	0	0	1.59	1	0:00:13.862522
1184	6	6	1.36	1	0:00:13.864053
1185	1	1	0.182	1	0:00:13.872016
1186	4	4	0.931	1	0:00:13.857882
1187	1	1	0.424	1	0:00:13.865935
1188	0	0	1.07	1	0:00:13.859769
1189	0	0	0.55	1	0:00:13.862901
1190	1	1	1.09	1	0:00:13.869781
1191	1	1	0.688	1	0:00:13.863293
1192	6	6	0.297	1	0:00:13.849823
1193	5	5	0.148	1	0:00:13.862032
1194	4	4	1.2	1	0:00:13.862898
1195	6	6	1.36	1	0:00:13.851098
1196	2	2	1.13	1	0:00:13.867182
1197	0	0	1.24	1	0:00:13.853400
1198	7	7	1.91	1	0:00:13.861892
1199	9	9	0.0361	1	0:00:13.863560
1200	8	8	0.438	1	0:00:13.853884
1201	7	7	1.43	1	0:00:13.863619
1202	2	2	0.738	1	0:00:13.858280
1203	0	0	0.396	1	0:00:13.860679
1204	6	6	1.01	1	0:00:13.844330
1205	8	8	0.946	1	0:00:13.856491
1206	1	1	1.91	1	0:00:13.870094
1207	4	8	0.083	0	0:00:13.853695
1208	3	-1	0.0	0	0:00:13.864436
1209	7	7	0.896	1	0:00:13.848428
1210	0	0	1.39	1	0:00:13.860051
1211	6	-1	0.0	0	0:00:13.851668
1212	1	1	1.11	1	0:00:13.844242
1213	8	8	1.91	1	0:00:13.842606
1214	5	5	1.75	1	0:00:13.838242
1215	7	7	1.91	1	0:00:13.855110
1216	8	8	1.16	1	0:00:13.846052
1217	4	4	0.758	1	0:00:13.847492
1218	8	8	0.299	1	0:00:13.860637
1219	3	5	0.571	0	0:00:13.857635
1220	9	3	0.0117	0	0:00:13.851320
1221	9	9	0.44	1	0:00:13.868739
1222	9	-1	0.0	0	0:00:13.855310
1223	8	0	1.59	0	0:00:13.845690
1224	7	4	0.288	0	0:00:13.852175
1225	6	6	1.25	1	0:00:13.850815
1226	6	6	0.604	1	0:00:13.859833
1227	3	3	0.689	1	0:00:13.852746
1228	5	3	0.304	0	0:00:13.854713
1229	1	1	1.56	1	0:00:13.866246
1230	5	3	0.397	0	0:00:13.853559
1231	9	9	1.17	1	0:00:13.873631
1232	1	1	0.972	1	0:00:13.865852
1233	4	4	1.06	1	0:00:13.871284
1234	1	1	1.23	1	0:00:13.870753
1235	5	5	0.519	1	0:00:13.864742
1236	7	3	0.609	0	0:00:13.878631
1237	0	0	1.35	1	0:00:13.863372
1238	1	1	1.91	1	0:00:13.885122
1239	5	3	0.107	0	0:00:13.857868
1240	2	6	0.616	0	0:00:13.872272
1241	0	0	0.506	1	0:00:13.850732
1242	8	9	0.0262	0	0:00:13.868937
1243	8	8	1.51	1	0:00:13.839299
1244	5	3	0.375	0	0:00:13.869318
1245	6	6	0.0869	1	0:00:13.866406
1246	7	7	0.24	1	0:00:13.868110
1247	3	5	0.0409	0	0:00:13.857869
1248	2	4	0.38	0	0:00:13.848564
1249	4	4	0.285	1	0:00:13.864168
1250	7	7	1.0	1	0:00:13.867453
1251	2	2	0.0141	1	0:00:13.867260
1252	5	5	1.32	1	0:00:13.860230
1253	8	8	0.885	1	0:00:13.851008
1254	2	2	1.06	1	0:00:13.866981
1255	4	4	0.694	1	0:00:13.866028
1256	9	8	0.884	0	0:00:13.844268
1257	2	-1	0.0	0	0:00:13.859359
1258	1	1	0.399	1	0:00:13.867571
1259	8	8	1.06	1	0:00:13.855802
1260	1	9	0.0614	0	0:00:13.850853
1261	9	-1	0.0	0	0:00:13.874413
1262	8	8	1.75	1	0:00:13.852901
1263	8	0	0.116	0	0:00:13.849223
1264	8	8	0.922	1	0:00:13.856910
1265	9	1	0.853	0	0:00:13.856968
1266	0	8	0.451	0	0:00:13.850995
1267	4	4	0.783	1	0:00:13.852240
1268	3	-1	0.0	0	0:00:13.860005
1269	3	3	1.55	1	0:00:13.856151
1270	1	1	0.551	1	0:00:13.849903
1271	8	8	1.75	1	0:00:13.846750
1272	4	7	1.13	0	0:00:13.857001
1273	6	6	0.431	1	0:00:13.836256
1274	3	3	0.036	1	0:00:13.840010
1275	3	3	0.412	1	0:00:13.841711
1276	5	5	0.114	1	0:00:13.830608
1277	2	3	0.0367	0	0:00:13.840784
1278	2	2	0.979	1	0:00:13.848542
1279	8	8	0.883	1	0:00:13.840849
1280	3	5	0.303	0	0:00:13.850296
1281	8	8	1.64	1	0:00:13.838267
1282	9	9	0.742	1	0:00:13.836475
1283	5	5	0.0816	1	0:00:13.856689
1284	8	5	0.137	0	0:00:13.855224
1285	9	9	0.308	1	0:00:13.855542
1286	8	8	0.136	1	0:00:13.847556
1287	9	-1	0.0	0	0:00:13.826349
1288	1	1	1.63	1	0:00:13.851008
1289	6	6	0.841	1	0:00:13.848339
1290	5	5	1.11	1	0:00:13.841650
1291	9	9	0.981	1	0:00:13.848754
1292	4	4	0.834	1	0:00:13.831699
1293	4	4	0.386	1	0:00:13.830850
1294	8	8	0.241	1	0:00:13.821486
1295	0	0	1.41	1	0:00:13.828139
1296	7	7	0.957	1	0:00:13.843478
1297	2	2	0.541	1	0:00:13.824017
1298	9	9	1.91	1	0:00:13.856323
1299	7	9	0.0109	0	0:00:13.850730
1300	4	3	0.633	0	0:00:13.829436
1301	1	1	1.91	1	0:00:13.844913
1302	6	5	0.218	0	0:00:13.859458
1303	4	3	0.982	0	0:00:13.828424
1304	4	8	0.264	0	0:00:13.850981
1305	9	9	1.25	1	0:00:13.861717
1306	1	8	0.00114	0	0:00:13.849080
1307	2	0	0.666	0	0:00:13.824455
1308	5	4	0.128	0	0:00:13.855788
1309	6	6	0.569	1	0:00:13.869374
1310	0	0	1.91	1	0:00:13.875643
1311	8	8	1.23	1	0:00:13.854133
1312	6	6	0.985	1	0:00:13.862254
1313	1	1	1.41	1	0:00:13.874109
1314	9	9	1.8	1	0:00:13.861922
1315	4	-1	0.0	0	0:00:13.866499
1316	5	5	1.71	1	0:00:13.877999
1317	9	9	1.91	1	0:00:13.864546
1318	5	5	0.803	1	0:00:13.873551
1319	0	0	1.51	1	0:00:13.861054
1320	7	2	0.0781	0	0:00:13.859924
1321	2	3	0.067	0	0:00:13.875089
1322	0	0	0.984	1	0:00:13.865050
1323	0	8	0.215	0	0:00:13.867106
1324	4	4	0.316	1	0:00:13.866674
1325	2	4	0.0282	0	0:00:13.860656
1326	6	6	0.491	1	0:00:13.868676
1327	6	6	1.91	1	0:00:13.862861
1328	5	3	0.25	0	0:00:13.873291
1329	5	7	0.526	0	0:00:13.851773
1330	2	-1	0.0	0	0:00:13.871711
1331	8	8	1.91	1	0:00:13.867605
1332	1	1	0.469	1	0:00:13.848792
1333	7	-1	0.0	0	0:00:13.861937
1334	3	2	0.684	0	0:00:13.862246
1335	1	1	1.8	1	0:00:13.873216
1336	4	4	0.385	1	0:00:13.849794
1337	5	-1	0.0	0	0:00:13.869477
1338	6	6	1.39	1	0:00:13.873189
1339	5	3	0.239	0	0:00:13.872056
1340	1	1	1.91	1	0:00:13.847445
1341	4	4	0.356	1	0:00:13.863127
1342	7	7	0.453	1	0:00:13.866918
1343	0	0	1.56	1	0:00:13.853227
1344	9	9	0.528	1	0:00:13.864295
1345	4	2	0.17	0	0:00:13.842820
1346	3	-1	0.0	0	0:00:13.856536
1347	8	8	1.91	1	0:00:13.866364
1348	2	-1	0.0	0	0:00:13.853475
1349	8	8	1.71	1	0:00:13.846882
1350	4	6	0.0559	0	0:00:13.852999
1351	7	7	1.6	1	0:00:13.839635
1352	2	4	0.124	0	0:00:13.858224
1353	3	-1	0.0	0	0:00:13.857545
1354	1	1	1.57	1	0:00:13.860795
1355	5	3	0.145	0	0:00:13.855332
1356	2	2	0.187	1	0:00:13.863335
1357	9	9	0.219	1	0:00:13.862573
1358	8	8	1.43	1	0:00:13.840238
1359	9	9	1.91	1	0:00:13.846975
1360	7	7	0.983	1	0:00:13.844950
1361	9	9	1.31	1	0:00:13.852246
1362	5	5	0.408	1	0:00:13.843470
1363	1	1	1.48	1	0:00:13.824743
1364	4	4	1.91	1	0:00:13.823014
1365	0	0	1.42	1	0:00:13.831903
1366	8	8	1.63	1	0:00:13.848525
1367	2	2	0.498	1	0:00:13.825625
1368	3	3	1.19	1	0:00:13.835324
1369	8	8	1.06	1	0:00:13.824122
1370	9	9	0.418	1	0:00:13.841869
1371	1	1	1.56	1	0:00:13.854963
1372	1	1	0.127	1	0:00:13.840631
1373	3	3	0.156	1	0:00:13.830966
1374	2	0	0.196	0	0:00:13.827645
1375	4	4	1.91	1	0:00:13.843976
1376	9	9	0.727	1	0:00:13.841298
1377	3	-1	0.0	0	0:00:13.843285
1378	1	1	0.925	1	0:00:13.854510
1379	7	7	0.564	1	0:00:13.836658
1380	4	5	0.128	0	0:00:13.841090
1381	6	6	0.641	1	0:00:13.844299
1382	2	2	0.114	1	0:00:13.848553
1383	8	-1	0.0	0	0:00:13.857113
1384	9	9	0.823	1	0:00:13.863592
1385	5	5	0.702	1	0:00:13.870710
1386	3	3	1.19	1	0:00:13.861211
1387	9	9	1.91	1	0:00:13.851119
1388	5	-1	0.0	0	0:00:13.845612
1389	5	4	0.133	0	0:00:13.862923
1390	6	6	1.18	1	0:00:13.867305
1391	7	4	0.179	0	0:00:13.855682
1392	2	2	1.52	1	0:00:13.879239
1393	4	-1	0.0	0	0:00:13.870329
1394	6	-1	0.0	0	0:00:13.882923
1395	3	-1	0.0	0	0:00:13.857141
1396	1	1	0.402	1	0:00:13.862844
1397	0	0	1.91	1	0:00:13.859798
1398	7	7	0.365	1	0:00:13.867819
1399	2	0	0.579	0	0:00:13.852662
1400	5	3	0.369	0	0:00:13.873573
1401	4	7	0.048	0	0:00:13.885244
1402	7	7	0.836	1	0:00:13.887108
1403	6	4	0.301	0	0:00:13.877008
1404	1	1	1.11	1	0:00:13.883030
1405	1	1	0.492	1	0:00:13.891954
1406	9	9	0.944	1	0:00:13.890923
1407	8	8	0.595	1	0:00:13.871113
1408	1	1	1.21	1	0:00:13.879592
1409	0	0	0.664	1	0:00:13.851005
1410	1	1	1.91	1	0:00:13.866072
1411	3	3	0.792	1	0:00:13.848252
1412	1	1	1.68	1	0:00:13.864516
1413	1	1	0.628	1	0:00:13.865640
1414	1	1	0.984	1	0:00:13.862839
1415	7	7	0.786	1	0:00:13.871840
1416	3	3	0.617	1	0:00:13.880468
1417	9	9	0.774	1	0:00:13.856496
1418	6	6	0.12	1	0:00:13.866843
1419	8	8	1.91	1	0:00:13.850661
1420	4	4	0.0332	1	0:00:13.853204
1421	6	6	1.34	1	0:00:13.870692
1422	8	8	0.386	1	0:00:13.840799
1423	4	4	1.14	1	0:00:13.863814
1424	9	9	1.38	1	0:00:13.862214
1425	4	4	0.331	1	0:00:13.872725
1426	7	7	1.6	1	0:00:13.873059
1427	9	9	1.24	1	0:00:13.867729
1428	7	7	0.448	1	0:00:13.865788
1429	6	3	0.096	0	0:00:13.865715
1430	8	8	0.427	1	0:00:13.874425
1431	4	4	1.04	1	0:00:13.871751
1432	9	9	1.91	1	0:00:13.856020
1433	7	7	0.865	1	0:00:13.870118
1434	0	0	0.355	1	0:00:13.851398
1435	1	1	1.91	1	0:00:13.834668
1436	6	6	1.91	1	0:00:13.855952
1437	1	1	0.69	1	0:00:13.857374
1438	5	-1	0.0	0	0:00:13.866091
1439	9	9	0.424	1	0:00:13.866559
1440	0	-1	0.0	0	0:00:13.849541
1441	4	4	0.622	1	0:00:13.864394
1442	3	5	0.155	0	0:00:13.871224
1443	4	4	0.493	1	0:00:13.865233
1444	1	1	1.71	1	0:00:13.859532
1445	3	3	0.438	1	0:00:13.862617
1446	0	0	0.871	1	0:00:13.847725
1447	8	8	0.981	1	0:00:13.847678
1448	4	4	0.896	1	0:00:13.848330
1449	6	6	1.71	1	0:00:13.856114
1450	2	2	0.552	1	0:00:13.855223
1451	2	2	0.642	1	0:00:13.852562
1452	6	3	0.508	0	0:00:13.854962
1453	5	5	0.011	1	0:00:13.861681
1454	3	3	0.0867	1	0:00:13.861837
1455	6	6	1.43	1	0:00:13.862481
1456	2	4	0.0505	0	0:00:13.859853
1457	1	1	1.64	1	0:00:13.856983
1458	1	1	1.19	1	0:00:13.865799
1459	8	8	0.394	1	0:00:13.855955
1460	6	6	1.24	1	0:00:13.882186
1461	0	0	1.31	1	0:00:13.870863
1462	4	4	0.0179	1	0:00:13.870835
1463	0	0	0.92	1	0:00:13.881077
1464	1	1	0.609	1	0:00:13.872809
1465	9	9	0.572	1	0:00:13.851942
1466	7	7	1.91	1	0:00:13.864559
1467	1	1	1.4	1	0:00:13.874090
1468	3	5	0.219	0	0:00:13.858490
1469	7	7	1.64	1	0:00:13.866097
1470	7	2	0.00371	0	0:00:13.872552
1471	8	8	0.332	1	0:00:13.875477
1472	7	7	0.742	1	0:00:13.870869
1473	7	7	1.91	1	0:00:13.870316
1474	3	7	0.00578	0	0:00:13.861574
1475	9	9	1.54	1	0:00:13.872553
1476	7	7	1.8	1	0:00:13.859830
1477	7	7	0.466	1	0:00:13.848634
1478	7	7	0.347	1	0:00:13.855327
1479	2	2	0.105	1	0:00:13.852564
1480	1	1	0.925	1	0:00:13.868880
1481	2	2	1.6	1	0:00:13.842255
1482	8	8	0.899	1	0:00:13.845553
1483	6	6	1.43	1	0:00:13.870952
1484	4	-1	0.0	0	0:00:13.862258
1485	0	0	0.961	1	0:00:13.860661
1486	7	7	1.71	1	0:00:13.866568
1487	9	9	0.874	1	0:00:13.864148
1488	8	8	0.589	1	0:00:13.847388
1489	6	6	0.329	1	0:00:13.860899
1490	8	8	1.8	1	0:00:13.861413
1491	4	-1	0.0	0	0:00:13.857934
1492	9	-1	0.0	0	0:00:13.859273
1493	1	1	0.477	1	0:00:13.851419
1494	7	7	0.777	1	0:00:13.847282
1495	2	2	0.276	1	0:00:13.848386
1496	2	2	0.626	1	0:00:13.831367
1497	8	8	1.75	1	0:00:13.853549
1498	5	3	1.55	0	0:00:13.855689
1499	8	8	0.466	1	0:00:13.841054
1500	1	1	1.12	1	0:00:13.863909
1501	2	-1	0.0	0	0:00:13.861178
1502	2	-1	0.0	0	0:00:13.830465
1503	4	-1	0.0	0	0:00:13.846895
1504	1	-1	0.0	0	0:00:13.849544
1505	2	-1	0.0	0	0:00:13.846120
1506	5	7	1.11	0	0:00:13.850816
1507	2	-1	0.0	0	0:00:13.846632
1508	8	8	1.27	1	0:00:13.833344
1509	1	1	0.834	1	0:00:13.844979
1510	8	-1	0.0	0	0:00:13.843427
1511	1	1	1.91	1	0:00:13.827761
1512	8	8	0.91	1	0:00:13.830296
1513	6	5	0.0657	0	0:00:13.845019
1514	0	-1	0.0	0	0:00:13.838336
1515	2	2	0.76	1	0:00:13.824588
1516	4	4	0.775	1	0:00:13.823596
1517	1	1	1.33	1	0:00:13.848402
1518	3	3	0.113	1	0:00:13.839759
1519	6	6	1.15	1	0:00:13.827851
1520	7	7	1.42	1	0:00:13.850330
1521	7	7	0.553	1	0:00:13.848743
1522	4	4	0.994	1	0:00:13.846181
1523	4	4	1.11	1	0:00:13.849250
1524	3	3	0.46	1	0:00:13.844683
1525	3	5	0.297	0	0:00:13.830525
1526	4	4	0.191	1	0:00:13.863955
1527	5	3	0.0332	0	0:00:13.858532
1528	2	2	1.68	1	0:00:13.848580
1529	4	-1	0.0	0	0:00:13.866169
1530	3	3	0.303	1	0:00:13.866092
1531	7	7	0.62	1	0:00:13.866721
1532	8	0	0.266	0	0:00:13.854546
1533	4	4	0.735	1	0:00:13.884531
1534	4	4	0.563	1	0:00:13.872956
1535	4	2	0.458	0	0:00:13.874981
1536	5	3	0.278	0	0:00:13.872765
1537	4	4	0.4	1	0:00:13.882560
1538	3	3	0.0197	1	0:00:13.879462
1539	2	2	0.076	1	0:00:13.878334
1540	8	8	1.91	1	0:00:13.864488
1541	4	4	0.711	1	0:00:13.872305
1542	5	5	1.12	1	0:00:13.875353
1543	5	5	0.0388	1	0:00:13.888244
1544	4	4	1.09	1	0:00:13.881985
1545	1	9	0.196	0	0:00:13.883730
1546	4	4	0.829	1	0:00:13.881618
1547	2	2	0.0816	1	0:00:13.865453
1548	5	5	0.25	1	0:00:13.849462
1549	1	1	0.695	1	0:00:13.875585
1550	6	6	0.961	1	0:00:13.878944
1551	4	-1	0.0	0	0:00:13.873312
1552	3	3	0.139	1	0:00:13.872583
1553	4	4	0.388	1	0:00:13.865642
1554	4	6	0.164	0	0:00:13.872000
1555	0	0	0.878	1	0:00:13.859590
1556	8	8	0.859	1	0:00:13.882393
1557	8	8	1.23	1	0:00:13.879085
1558	4	4	0.801	1	0:00:13.881599
1559	5	5	0.138	1	0:00:13.880886
1560	7	7	1.91	1	0:00:13.883688
1561	5	5	1.21	1	0:00:13.885497
1562	6	6	1.91	1	0:00:13.880420
1563	9	9	1.91	1	0:00:13.865865
1564	1	1	0.737	1	0:00:13.879036
1565	6	6	0.672	1	0:00:13.880188
1566	7	7	0.746	1	0:00:13.871177
1567	2	2	1.41	1	0:00:13.871934
1568	0	0	0.581	1	0:00:13.867361
1569	1	1	1.0	1	0:00:13.868852
1570	4	4	0.338	1	0:00:13.875537
1571	5	5	0.218	1	0:00:13.875293
1572	6	-1	0.0	0	0:00:13.878469
1573	0	0	0.266	1	0:00:13.862356
1574	0	9	0.399	0	0:00:13.858957
1575	2	2	0.472	1	0:00:13.852411
1576	7	6	0.121	0	0:00:13.868939
1577	5	-1	0.0	0	0:00:13.852557
1578	6	6	0.816	1	0:00:13.873627
1579	0	0	1.8	1	0:00:13.851955
1580	6	1	0.534	0	0:00:13.857900
1581	2	9	0.144	0	0:00:13.867332
1582	9	9	1.91	1	0:00:13.844267
1583	1	3	0.545	0	0:00:13.855983
1584	7	7	0.155	1	0:00:13.848388
1585	7	7	1.91	1	0:00:13.842684
1586	5	5	0.854	1	0:00:13.846721
1587	2	0	0.555	0	0:00:13.821436
1588	5	5	0.609	1	0:00:13.845547
1589	6	6	1.75	1	0:00:13.852822
1590	4	2	0.074	0	0:00:13.846550
1591	1	1	1.91	1	0:00:13.839009
1592	4	4	0.318	1	0:00:13.859698
1593	3	3	0.75	1	0:00:13.856085
1594	3	3	0.421	1	0:00:13.844345
1595	3	6	0.402	0	0:00:13.856533
1596	0	0	1.08	1	0:00:13.847895
1597	3	3	0.613	1	0:00:13.852033
1598	5	5	0.644	1	0:00:13.849701
1599	5	5	0.956	1	0:00:13.834209
1600	8	9	0.143	0	0:00:13.852901
1601	9	9	0.941	1	0:00:13.854061
1602	7	7	0.776	1	0:00:13.838514
1603	3	3	0.516	1	0:00:13.849600
1604	1	1	1.68	1	0:00:13.842386
1605	3	2	0.267	0	0:00:13.855989
1606	3	3	0.126	1	0:00:13.869375
1607	3	5	0.0168	0	0:00:13.850569
1608	4	4	0.686	1	0:00:13.849822
1609	4	4	0.577	1	0:00:13.868571
1610	2	0	0.105	0	0:00:13.833514
1611	3	3	0.836	1	0:00:13.859510
1612	3	-1	0.0	0	0:00:13.863745
1613	8	8	0.441	1	0:00:13.858334
1614	1	1	1.91	1	0:00:13.859245
1615	7	7	1.8	1	0:00:13.837425
1616	7	7	1.11	1	0:00:13.858690
1617	0	0	1.91	1	0:00:13.836951
1618	7	-1	0.0	0	0:00:13.856064
1619	4	4	1.02	1	0:00:13.866614
1620	5	-1	0.0	0	0:00:13.840039
1621	1	1	1.54	1	0:00:13.830970
1622	4	2	0.194	0	0:00:13.843912
1623	2	-1	0.0	0	0:00:13.862159
1624	4	4	0.599	1	0:00:13.833171
1625	3	3	0.8	1	0:00:13.853626
1626	9	-1	0.0	0	0:00:13.854249
1627	9	9	1.91	1	0:00:13.833522
1628	4	-1	0.0	0	0:00:13.840089
1629	9	9	1.22	1	0:00:13.816799
1630	9	9	1.32	1	0:00:13.847665
1631	1	1	0.949	1	0:00:13.844762
1632	8	8	0.585	1	0:00:13.819765
1633	1	8	0.212	0	0:00:13.847359
1634	6	6	1.15	1	0:00:13.834792
1635	7	7	0.885	1	0:00:13.837219
1636	5	2	0.352	0	0:00:13.853037
1637	5	5	0.336	1	0:00:13.854247
1638	4	-1	0.0	0	0:00:13.844810
1639	9	9	1.01	1	0:00:13.866007
1640	7	-1	0.0	0	0:00:13.863734
1641	6	6	0.767	1	0:00:13.872877
1642	5	-1	0.0	0	0:00:13.861727
1643	9	9	0.856	1	0:00:13.870953
1644	2	-1	0.0	0	0:00:13.862204
1645	4	4	0.97	1	0:00:13.847892
1646	0	0	1.91	1	0:00:13.833288
1647	7	7	1.29	1	0:00:13.848367
1648	8	8	0.759	1	0:00:13.832020
1649	5	5	0.0686	1	0:00:13.844761
1650	5	5	1.64	1	0:00:13.859316
1651	0	0	0.77	1	0:00:13.823070
1652	0	0	1.8	1	0:00:13.848765
1653	9	8	0.315	0	0:00:13.860785
1654	9	9	1.34	1	0:00:13.852456
1655	8	8	1.35	1	0:00:13.854433
1656	2	2	0.412	1	0:00:13.835760
1657	5	5	0.645	1	0:00:13.852244
1658	4	4	0.145	1	0:00:13.853351
1659	8	8	1.8	1	0:00:13.840318
1660	3	3	0.678	1	0:00:13.850156
1661	6	6	0.223	1	0:00:13.847430
1662	3	9	0.526	0	0:00:13.846773
1663	6	2	0.262	0	0:00:13.855903
1664	0	0	1.39	1	0:00:13.818124
1665	6	6	1.45	1	0:00:13.851336
1666	6	6	0.233	1	0:00:13.856098
1667	6	6	0.201	1	0:00:13.845877
1668	9	1	0.103	0	0:00:13.856725
1669	6	6	0.259	1	0:00:13.873423
1670	6	4	0.555	0	0:00:13.845812
1671	8	8	1.91	1	0:00:13.854854
1672	6	6	0.769	1	0:00:13.872761
1673	2	6	0.488	0	0:00:13.869224
1674	4	4	0.5	1	0:00:13.868204
1675	5	3	0.0563	0	0:00:13.874517
1676	8	8	1.14	1	0:00:13.855902
1677	1	1	1.91	1	0:00:13.861749
1678	2	2	0.525	1	0:00:13.872267
1679	7	7	1.28	1	0:00:13.856685
1680	6	6	1.24	1	0:00:13.858501
1681	5	6	0.314	0	0:00:13.858727
1682	7	7	1.39	1	0:00:13.879824
1683	8	0	0.0936	0	0:00:13.872144
1684	1	9	0.596	0	0:00:13.885235
1685	8	4	0.369	0	0:00:13.878579
1686	0	8	1.02	0	0:00:13.873330
1687	8	8	0.483	1	0:00:13.855375
1688	6	6	0.538	1	0:00:13.852617
1689	9	7	0.215	0	0:00:13.859651
1690	2	0	0.184	0	0:00:13.847231
1691	8	8	1.68	1	0:00:13.855841
1692	9	9	1.15	1	0:00:13.866531
1693	4	8	0.346	0	0:00:13.838942
1694	0	0	1.91	1	0:00:13.820637
1695	9	9	0.847	1	0:00:13.852235
1696	4	4	0.882	1	0:00:13.860561
1697	9	9	0.621	1	0:00:13.863324
1698	5	5	0.432	1	0:00:13.860517
1699	7	7	0.716	1	0:00:13.850343
1700	5	5	0.122	1	0:00:13.859248
1701	5	-1	0.0	0	0:00:13.851619
1702	9	9	0.155	1	0:00:13.845419
1703	5	5	1.19	1	0:00:13.874258
1704	3	3	0.0809	1	0:00:13.857816
1705	0	0	1.91	1	0:00:13.867418
1706	1	1	1.68	1	0:00:13.863082
1707	9	9	1.53	1	0:00:13.871620
1708	7	7	0.914	1	0:00:13.847685
1709	2	2	0.0407	1	0:00:13.869767
1710	4	4	0.511	1	0:00:13.848379
1711	1	1	1.75	1	0:00:13.854765
1712	0	0	1.48	1	0:00:13.845060
1713	8	1	0.0615	0	0:00:13.846183
1714	0	0	1.16	1	0:00:13.835635
1715	3	-1	0.0	0	0:00:13.851973
1716	1	1	1.02	1	0:00:13.836022
1717	7	7	1.6	1	0:00:13.830734
1718	0	8	1.07	0	0:00:13.841255
1719	0	0	1.34	1	0:00:13.842856
1720	4	-1	0.0	0	0:00:13.821630
1721	8	8	0.587	1	0:00:13.839231
1722	6	6	1.07	1	0:00:13.849053
1723	2	7	0.206	0	0:00:13.834799
1724	4	2	0.335	0	0:00:13.839638
1725	0	0	1.91	1	0:00:13.848828
1726	0	0	1.57	1	0:00:13.833750
1727	9	8	0.437	0	0:00:13.856637
1728	0	-1	0.0	0	0:00:13.847399
1729	8	8	1.91	1	0:00:13.820659
1730	4	0	0.271	0	0:00:13.833457
1731	5	6	0.899	0	0:00:13.843982
1732	9	-1	0.0	0	0:00:13.853220
1733	3	3	1.31	1	0:00:13.842242
1734	9	9	1.55	1	0:00:13.856357
1735	0	0	1.02	1	0:00:13.848037
1736	5	6	0.072	0	0:00:13.848506
1737	6	-1	0.0	0	0:00:13.858072
1738	5	5	0.466	1	0:00:13.828199
1739	0	7	0.163	0	0:00:13.840595
1740	1	1	0.217	1	0:00:13.850225
1741	4	5	0.0597	0	0:00:13.840572
1742	8	8	1.91	1	0:00:13.843054
1743	1	1	1.91	1	0:00:13.863036
1744	0	0	1.49	1	0:00:13.827045
1745	5	5	1.13	1	0:00:13.852897
1746	2	-1	0.0	0	0:00:13.858847
1747	1	1	0.594	1	0:00:13.860303
1748	0	0	1.35	1	0:00:13.838606
1749	2	-1	0.0	0	0:00:13.869039
1750	8	8	1.07	1	0:00:13.859049
1751	1	1	1.38	1	0:00:13.865453
1752	5	5	0.939	1	0:00:13.861708
1753	6	6	0.748	1	0:00:13.877084
1754	7	7	1.66	1	0:00:13.865114
1755	7	7	1.13	1	0:00:13.879378
1756	2	-1	0.0	0	0:00:13.865984
1757	6	6	0.843	1	0:00:13.876912
1758	2	2	1.33	1	0:00:13.857023
1759	5	5	0.141	1	0:00:13.869547
1760	0	0	0.423	1	0:00:13.873109
1761	1	1	1.43	1	0:00:13.874985
1762	4	4	0.469	1	0:00:13.858518
1763	2	2	0.371	1	0:00:13.844137
1764	5	-1	0.0	0	0:00:13.870353
1765	4	6	0.156	0	0:00:13.857280
1766	6	-1	0.0	0	0:00:13.870985
1767	2	4	0.547	0	0:00:13.856391
1768	2	2	1.18	1	0:00:13.854624
1769	1	-1	0.0	0	0:00:13.856436
1770	7	7	0.584	1	0:00:13.856771
1771	2	2	0.411	1	0:00:13.852203
1772	8	9	0.327	0	0:00:13.853391
1773	5	5	0.00421	1	0:00:13.853178
1774	5	5	0.303	1	0:00:13.865463
1775	3	3	1.07	1	0:00:13.850331
1776	0	0	1.91	1	0:00:13.859068
1777	4	4	0.813	1	0:00:13.844650
1778	8	8	0.449	1	0:00:13.836656
1779	3	5	0.102	0	0:00:13.855225
1780	7	7	0.893	1	0:00:13.858484
1781	6	6	1.51	1	0:00:13.853270
1782	3	3	0.443	1	0:00:13.856618
1783	8	8	1.41	1	0:00:13.838019
1784	1	1	1.31	1	0:00:13.850883
1785	0	2	0.116	0	0:00:13.842361
1786	1	1	0.147	1	0:00:13.846693
1787	3	0	0.0892	0	0:00:13.834279
1788	3	6	0.351	0	0:00:13.843128
1789	0	0	0.455	1	0:00:13.847155
1790	7	5	0.374	0	0:00:13.854477
1791	4	6	0.365	0	0:00:13.860396
1792	9	9	1.91	1	0:00:13.851290
1793	5	5	1.32	1	0:00:13.855875
1794	3	-1	0.0	0	0:00:13.845791
1795	6	6	0.489	1	0:00:13.855158
1796	0	0	1.91	1	0:00:13.830346
1797	1	1	1.01	1	0:00:13.835764
1798	4	-1	0.0	0	0:00:13.848429
1799	4	-1	0.0	0	0:00:13.842839
1800	4	-1	0.0	0	0:00:13.843379
1801	4	4	1.75	1	0:00:13.842296
1802	2	2	0.252	1	0:00:13.852074
1803	2	6	0.14	0	0:00:13.847190
1804	5	3	0.0782	0	0:00:13.853956
1805	8	8	1.07	1	0:00:13.856440
1806	1	1	0.318	1	0:00:13.848806
1807	5	-1	0.0	0	0:00:13.851674
1808	9	1	0.255	0	0:00:13.849640
1809	8	8	0.605	1	0:00:13.837723
1810	1	1	0.381	1	0:00:13.847216
1811	1	8	0.31	0	0:00:13.859660
1812	5	7	0.455	0	0:00:13.847116
1813	3	-1	0.0	0	0:00:13.856063
1814	9	9	0.879	1	0:00:13.856374
1815	9	9	1.41	1	0:00:13.863901
1816	7	7	0.609	1	0:00:13.850679
1817	6	6	0.718	1	0:00:13.844417
1818	5	5	0.638	1	0:00:13.862832
1819	0	0	1.28	1	0:00:13.849110
1820	8	8	0.349	1	0:00:13.871141
1821	4	-1	0.0	0	0:00:13.860862
1822	7	5	0.0434	0	0:00:13.861425
1823	0	4	0.0258	0	0:00:13.854518
1824	9	9	1.23	1	0:00:13.865889
1825	2	2	1.64	1	0:00:13.854245
1826	8	8	1.75	1	0:00:13.853585
1827	4	4	1.33	1	0:00:13.871363
1828	7	7	0.339	1	0:00:13.874720
1829	1	-1	0.0	0	0:00:13.883737
1830	3	2	0.558	0	0:00:13.886966
1831	9	9	0.483	1	0:00:13.868643
1832	6	-1	0.0	0	0:00:13.886705
1833	8	8	1.91	1	0:00:13.848842
1834	9	9	0.129	1	0:00:13.872966
1835	0	4	0.196	0	0:00:13.869891
1836	4	4	0.106	1	0:00:13.882373
1837	9	-1	0.0	0	0:00:13.876827
1838	6	0	0.0932	0	0:00:13.867997
1839	7	7	1.91	1	0:00:13.876073
1840	8	-1	0.0	0	0:00:13.870026
1841	9	8	0.133	0	0:00:13.883360
1842	4	4	1.09	1	0:00:13.857193
1843	8	8	1.57	1	0:00:13.855746
1844	9	9	0.685	1	0:00:13.872451
1845	7	7	0.0193	1	0:00:13.875293
1846	2	2	0.44	1	0:00:13.868035
1847	5	3	0.463	0	0:00:13.871183
1848	3	3	0.995	1	0:00:13.861087
1849	7	7	1.91	1	0:00:13.867353
1850	1	3	0.246	0	0:00:13.861068
1851	0	0	1.51	1	0:00:13.859470
1852	2	-1	0.0	0	0:00:13.863405
1853	9	9	0.907	1	0:00:13.863953
1854	5	5	0.422	1	0:00:13.883284
1855	5	5	0.468	1	0:00:13.869218
1856	8	8	1.8	1	0:00:13.867349
1857	5	5	1.48	1	0:00:13.876685
1858	4	4	0.133	1	0:00:13.863306
1859	2	-1	0.0	0	0:00:13.863311
1860	8	8	1.64	1	0:00:13.863287
1861	3	3	0.351	1	0:00:13.863099
1862	5	-1	0.0	0	0:00:13.852798
1863	5	-1	0.0	0	0:00:13.842614
1864	7	7	1.91	1	0:00:13.842586
1865	7	7	0.623	1	0:00:13.854535
1866	8	8	1.8	1	0:00:13.849229
1867	6	6	0.457	1	0:00:13.851616
1868	2	-1	0.0	0	0:00:13.856461
1869	8	8	1.22	1	0:00:13.842702
1870	2	2	1.6	1	0:00:13.838796
1871	3	3	0.705	1	0:00:13.854173
1872	5	5	0.999	1	0:00:13.851562
1873	6	6	0.26	1	0:00:13.845753
1874	8	8	1.09	1	0:00:13.852829
1875	0	0	1.91	1	0:00:13.823171
1876	2	-1	0.0	0	0:00:13.845858
1877	3	3	0.343	1	0:00:13.853852
1878	7	7	1.47	1	0:00:13.846137
1879	0	0	0.471	1	0:00:13.844956
1880	1	1	1.37	1	0:00:13.856053
1881	9	9	1.91	1	0:00:13.837367
1882	1	1	0.912	1	0:00:13.833405
1883	3	6	0.376	0	0:00:13.841579
1884	7	-1	0.0	0	0:00:13.830908
1885	5	5	0.786	1	0:00:13.822231
1886	8	-1	0.0	0	0:00:13.834427
1887	3	-1	0.0	0	0:00:13.839469
