idx	label	predict	radius	correct	time
888	0	-1	0.0	0	0:00:03.298667
889	4	-1	0.0	0	0:00:01.387763
890	4	-1	0.0	0	0:00:01.379137
891	6	6	0.376	1	0:00:01.382886
892	7	7	1.48	1	0:00:01.379874
893	6	3	0.0304	0	0:00:01.381525
894	1	1	1.91	1	0:00:01.379783
895	1	1	1.14	1	0:00:01.380117
896	3	3	1.12	1	0:00:01.383240
897	7	7	0.719	1	0:00:01.382173
898	3	-1	0.0	0	0:00:01.383348
899	5	5	1.91	1	0:00:01.382819
900	2	-1	0.0	0	0:00:01.377587
901	6	6	1.12	1	0:00:01.383403
902	6	6	0.726	1	0:00:01.381937
903	5	5	0.298	1	0:00:01.379042
904	8	8	0.332	1	0:00:01.378733
905	7	7	0.208	1	0:00:01.383721
906	1	1	0.0191	1	0:00:01.378705
907	6	6	0.0803	1	0:00:01.380271
908	8	8	1.31	1	0:00:01.380159
909	8	8	1.18	1	0:00:01.379694
910	5	5	0.0201	1	0:00:01.382302
911	3	3	1.09	1	0:00:01.380625
912	0	2	0.0704	0	0:00:01.379739
913	4	4	0.496	1	0:00:01.378919
914	0	-1	0.0	0	0:00:01.378365
915	1	1	1.51	1	0:00:01.381870
916	3	-1	0.0	0	0:00:01.378707
917	8	8	0.644	1	0:00:01.378165
918	8	8	1.14	1	0:00:01.381980
919	0	-1	0.0	0	0:00:01.380183
920	6	4	0.294	0	0:00:01.383487
921	9	9	1.63	1	0:00:01.378715
922	9	9	0.607	1	0:00:01.381718
923	9	6	0.065	0	0:00:01.381609
924	5	-1	0.0	0	0:00:01.384987
925	5	3	1.59	0	0:00:01.378205
926	8	8	0.891	1	0:00:01.379573
927	6	2	0.0864	0	0:00:01.382869
928	0	0	0.51	1	0:00:01.377600
929	0	0	0.261	1	0:00:01.379888
930	4	4	0.908	1	0:00:01.379178
931	2	2	0.878	1	0:00:01.380872
932	3	3	0.132	1	0:00:01.380774
933	2	3	0.472	0	0:00:01.383284
934	7	7	1.91	1	0:00:01.379568
935	2	2	0.84	1	0:00:01.378858
936	2	2	0.126	1	0:00:01.379643
937	5	5	0.639	1	0:00:01.384098
938	9	-1	0.0	0	0:00:01.381933
939	8	8	1.8	1	0:00:01.378562
940	9	9	1.29	1	0:00:01.378972
941	1	9	0.105	0	0:00:01.380045
942	7	7	0.15	1	0:00:01.379558
943	4	4	0.137	1	0:00:01.381010
944	0	0	0.61	1	0:00:01.380122
945	3	3	0.404	1	0:00:01.381160
946	0	0	1.37	1	0:00:01.380459
947	1	1	0.861	1	0:00:01.377420
948	3	8	0.162	0	0:00:01.382257
949	8	8	0.931	1	0:00:01.379971
950	3	-1	0.0	0	0:00:01.379996
951	9	9	1.45	1	0:00:01.379304
952	6	6	0.18	1	0:00:01.381021
953	1	-1	0.0	0	0:00:01.379406
954	4	4	0.52	1	0:00:01.382479
955	7	7	1.61	1	0:00:01.381226
956	0	-1	0.0	0	0:00:01.380730
957	3	3	0.0469	1	0:00:01.378638
958	7	7	0.4	1	0:00:01.380192
959	8	8	1.66	1	0:00:01.379573
960	9	-1	0.0	0	0:00:01.372972
961	1	-1	0.0	0	0:00:01.377345
962	1	1	0.895	1	0:00:01.380463
963	6	6	0.833	1	0:00:01.383276
964	6	-1	0.0	0	0:00:01.381112
965	6	2	0.106	0	0:00:01.379480
966	6	-1	0.0	0	0:00:01.380716
967	9	9	1.04	1	0:00:01.381708
968	1	1	1.19	1	0:00:01.381208
969	9	9	0.585	1	0:00:01.383164
970	9	9	0.915	1	0:00:01.382203
971	4	4	0.195	1	0:00:01.381132
972	2	2	0.445	1	0:00:01.382844
973	1	1	1.15	1	0:00:01.379339
974	7	2	0.776	0	0:00:01.381024
975	0	0	1.19	1	0:00:01.380274
976	6	6	0.64	1	0:00:01.382785
977	8	8	0.954	1	0:00:01.380146
978	1	1	0.801	1	0:00:01.380224
979	9	9	0.147	1	0:00:01.382332
980	2	6	0.184	0	0:00:01.378884
981	9	9	0.00515	1	0:00:01.382624
982	0	3	0.453	0	0:00:01.379412
983	4	-1	0.0	0	0:00:01.378881
984	7	7	0.241	1	0:00:01.381489
985	8	8	1.91	1	0:00:01.379211
986	3	3	0.0406	1	0:00:01.380285
987	1	1	0.69	1	0:00:01.382178
988	2	2	0.102	1	0:00:01.379430
989	0	0	0.407	1	0:00:01.380900
990	1	1	0.405	1	0:00:01.381843
991	5	5	0.466	1	0:00:01.377624
992	8	8	0.708	1	0:00:01.377890
993	4	4	0.257	1	0:00:01.379682
994	6	3	0.175	0	0:00:01.383613
995	3	-1	0.0	0	0:00:01.378431
996	8	8	0.786	1	0:00:01.383957
997	1	1	0.0906	1	0:00:01.380806
998	3	3	0.663	1	0:00:01.379229
999	8	8	0.863	1	0:00:01.381615
1000	5	5	0.843	1	0:00:01.380749
1001	0	0	0.00308	1	0:00:01.379057
1002	8	-1	0.0	0	0:00:01.379699
1003	4	4	0.841	1	0:00:01.377765
1004	8	8	1.38	1	0:00:01.380519
1005	1	1	0.742	1	0:00:01.380166
1006	1	1	0.863	1	0:00:01.382277
1007	8	8	0.547	1	0:00:01.379784
1008	9	1	0.767	0	0:00:01.381486
1009	6	-1	0.0	0	0:00:01.380402
1010	0	0	0.78	1	0:00:01.380764
1011	8	8	1.09	1	0:00:01.379246
1012	6	-1	0.0	0	0:00:01.383205
1013	1	1	1.91	1	0:00:01.373329
1014	3	-1	0.0	0	0:00:01.382393
1015	4	4	0.321	1	0:00:01.382624
1016	1	1	0.554	1	0:00:01.379380
1017	6	6	0.434	1	0:00:01.382900
1018	0	0	0.759	1	0:00:01.376259
1019	5	-1	0.0	0	0:00:01.378256
1020	1	1	1.16	1	0:00:01.383193
1021	1	-1	0.0	0	0:00:01.380115
1022	0	0	0.97	1	0:00:01.380873
1023	0	0	0.692	1	0:00:01.381566
1024	3	7	0.00991	0	0:00:01.383340
1025	5	5	1.42	1	0:00:01.381972
1026	0	6	0.142	0	0:00:01.382672
1027	0	4	0.465	0	0:00:01.382034
1028	6	6	0.0408	1	0:00:01.383821
1029	6	6	1.1	1	0:00:01.383951
1030	3	3	0.44	1	0:00:01.381538
1031	3	3	0.985	1	0:00:01.379476
1032	6	-1	0.0	0	0:00:01.383855
1033	3	3	0.461	1	0:00:01.385218
1034	6	5	0.0736	0	0:00:01.384941
1035	6	-1	0.0	0	0:00:01.385313
1036	0	-1	0.0	0	0:00:01.383959
1037	7	7	1.11	1	0:00:01.381620
1038	2	2	1.5	1	0:00:01.379960
1039	2	4	0.0242	0	0:00:01.383826
1040	7	7	0.442	1	0:00:01.379468
1041	5	5	0.0979	1	0:00:01.380708
1042	5	-1	0.0	0	0:00:01.382542
1043	2	2	0.775	1	0:00:01.379039
1044	8	8	0.868	1	0:00:01.380746
1045	5	-1	0.0	0	0:00:01.381425
1046	2	2	0.587	1	0:00:01.382073
1047	1	-1	0.0	0	0:00:01.381807
1048	1	1	1.71	1	0:00:01.382673
1049	4	-1	0.0	0	0:00:01.384368
1050	3	0	0.636	0	0:00:01.383437
1051	2	-1	0.0	0	0:00:01.380376
1052	0	0	0.558	1	0:00:01.383896
1053	3	-1	0.0	0	0:00:01.384043
1054	1	-1	0.0	0	0:00:01.382601
1055	5	5	0.947	1	0:00:01.382671
1056	3	3	0.207	1	0:00:01.379575
1057	7	5	0.0325	0	0:00:01.383337
1058	6	6	0.442	1	0:00:01.385391
1059	8	8	0.543	1	0:00:01.383267
1060	9	9	1.59	1	0:00:01.382213
1061	1	1	0.439	1	0:00:01.379552
1062	6	6	0.803	1	0:00:01.382247
1063	4	4	0.435	1	0:00:01.384628
1064	9	3	0.198	0	0:00:01.383353
1065	3	9	0.189	0	0:00:01.382823
1066	9	1	0.935	0	0:00:01.381877
1067	0	0	1.91	1	0:00:01.385518
1068	9	9	0.966	1	0:00:01.379239
1069	6	6	1.21	1	0:00:01.386246
1070	3	4	0.0679	0	0:00:01.385371
1071	6	6	0.946	1	0:00:01.385764
1072	0	8	0.763	0	0:00:01.383303
1073	7	7	1.75	1	0:00:01.383913
1074	3	3	0.617	1	0:00:01.383936
1075	8	8	0.979	1	0:00:01.384982
1076	0	0	0.832	1	0:00:01.382954
1077	0	0	1.61	1	0:00:01.382381
1078	0	0	1.8	1	0:00:01.378985
1079	6	6	0.695	1	0:00:01.382016
1080	6	6	0.36	1	0:00:01.380841
1081	6	6	1.16	1	0:00:01.387317
1082	9	9	0.768	1	0:00:01.383593
1083	2	5	0.211	0	0:00:01.383556
1084	5	3	0.32	0	0:00:01.383779
1085	4	4	0.629	1	0:00:01.385142
1086	4	4	0.372	1	0:00:01.385223
1087	6	6	0.198	1	0:00:01.389724
1088	3	5	0.327	0	0:00:01.383959
1089	6	6	0.469	1	0:00:01.383250
1090	0	0	0.798	1	0:00:01.388013
1091	8	8	1.59	1	0:00:01.382478
1092	6	6	0.489	1	0:00:01.383441
1093	0	-1	0.0	0	0:00:01.383402
1094	6	3	0.119	0	0:00:01.385703
1095	2	2	0.29	1	0:00:01.381409
1096	7	7	1.4	1	0:00:01.387967
1097	5	5	0.918	1	0:00:01.380896
1098	1	1	0.625	1	0:00:01.386208
1099	2	2	0.335	1	0:00:01.382750
1100	7	7	0.33	1	0:00:01.381477
1101	8	8	1.34	1	0:00:01.382180
1102	8	8	0.785	1	0:00:01.384174
1103	0	0	1.55	1	0:00:01.381032
1104	9	9	1.06	1	0:00:01.382505
1105	4	3	0.507	0	0:00:01.383714
1106	9	9	1.41	1	0:00:01.381946
1107	7	7	1.2	1	0:00:01.383626
1108	2	-1	0.0	0	0:00:01.384212
1109	0	8	0.484	0	0:00:01.386094
1110	2	2	1.91	1	0:00:01.376859
1111	8	8	0.727	1	0:00:01.383083
1112	3	3	0.979	1	0:00:01.380180
1113	8	8	1.15	1	0:00:01.382000
1114	9	9	0.0436	1	0:00:01.383201
1115	1	1	1.35	1	0:00:01.384611
1116	5	5	0.5	1	0:00:01.384395
1117	5	5	0.573	1	0:00:01.384519
1118	4	4	0.377	1	0:00:01.385619
1119	7	7	1.24	1	0:00:01.383779
1120	5	2	0.0888	0	0:00:01.386255
1121	3	3	0.979	1	0:00:01.384042
1122	8	8	0.481	1	0:00:01.381025
1123	3	4	0.102	0	0:00:01.383695
1124	3	2	0.211	0	0:00:01.382845
1125	6	6	0.756	1	0:00:01.383946
1126	2	0	0.566	0	0:00:01.376289
1127	8	8	1.2	1	0:00:01.384681
1128	4	3	0.0297	0	0:00:01.384588
1129	3	0	0.0378	0	0:00:01.382469
1130	7	-1	0.0	0	0:00:01.384047
1131	1	9	0.417	0	0:00:01.382191
1132	2	-1	0.0	0	0:00:01.383944
1133	4	2	0.159	0	0:00:01.383283
1134	1	-1	0.0	0	0:00:01.384086
1135	6	6	0.471	1	0:00:01.383701
1136	9	1	0.11	0	0:00:01.388314
1137	0	-1	0.0	0	0:00:01.384434
1138	5	6	0.286	0	0:00:01.382288
1139	8	8	1.42	1	0:00:01.379339
1140	6	6	0.547	1	0:00:01.380860
1141	1	1	1.14	1	0:00:01.382838
1142	8	8	0.644	1	0:00:01.384239
1143	6	6	1.8	1	0:00:01.383705
1144	1	-1	0.0	0	0:00:01.382155
1145	4	-1	0.0	0	0:00:01.383095
1146	2	4	0.308	0	0:00:01.383644
1147	6	-1	0.0	0	0:00:01.380994
1148	2	2	0.046	1	0:00:01.380618
1149	7	4	0.376	0	0:00:01.384676
1150	2	7	0.477	0	0:00:01.382707
1151	2	2	0.37	1	0:00:01.382898
1152	0	0	0.311	1	0:00:01.383381
1153	8	8	0.421	1	0:00:01.382536
1154	6	6	0.287	1	0:00:01.383204
1155	9	1	0.29	0	0:00:01.379877
1156	1	-1	0.0	0	0:00:01.383757
1157	7	7	0.985	1	0:00:01.385398
1158	1	1	0.393	1	0:00:01.382016
1159	8	8	0.142	1	0:00:01.382330
1160	8	8	0.369	1	0:00:01.384977
1161	0	0	0.374	1	0:00:01.382910
1162	7	7	1.29	1	0:00:01.384568
1163	3	-1	0.0	0	0:00:01.382388
1164	8	8	1.12	1	0:00:01.377711
1165	0	0	1.03	1	0:00:01.381984
1166	3	-1	0.0	0	0:00:01.383566
1167	4	2	0.748	0	0:00:01.382077
1168	3	-1	0.0	0	0:00:01.384157
1169	7	7	1.25	1	0:00:01.383267
1170	7	7	1.34	1	0:00:01.380686
1171	9	9	1.11	1	0:00:01.384364
1172	2	2	0.0973	1	0:00:01.381804
1173	3	3	1.18	1	0:00:01.381355
1174	1	1	1.91	1	0:00:01.378248
1175	9	9	0.715	1	0:00:01.386041
1176	1	1	0.318	1	0:00:01.381922
1177	9	9	0.655	1	0:00:01.381868
1178	6	2	0.701	0	0:00:01.381704
1179	3	-1	0.0	0	0:00:01.382442
1180	3	-1	0.0	0	0:00:01.383245
1181	3	6	0.102	0	0:00:01.384519
1182	1	1	0.19	1	0:00:01.383261
1183	0	0	1.35	1	0:00:01.382793
1184	6	6	1.15	1	0:00:01.385249
1185	1	1	0.253	1	0:00:01.382810
1186	4	4	0.406	1	0:00:01.382612
1187	1	9	0.263	0	0:00:01.382684
1188	0	0	0.661	1	0:00:01.378688
1189	0	0	0.426	1	0:00:01.382241
1190	1	1	0.773	1	0:00:01.383514
1191	1	1	0.52	1	0:00:01.383267
1192	6	6	0.381	1	0:00:01.383550
1193	5	3	0.219	0	0:00:01.381455
1194	4	4	1.16	1	0:00:01.379382
1195	6	6	1.34	1	0:00:01.381041
1196	2	2	0.778	1	0:00:01.382000
1197	0	0	0.936	1	0:00:01.377795
1198	7	7	1.91	1	0:00:01.381348
1199	9	9	0.632	1	0:00:01.384664
1200	8	8	0.338	1	0:00:01.381668
1201	7	7	1.19	1	0:00:01.383546
1202	2	5	0.185	0	0:00:01.384245
1203	0	0	0.268	1	0:00:01.384479
1204	6	6	0.845	1	0:00:01.383569
1205	8	8	0.87	1	0:00:01.383475
1206	1	1	1.91	1	0:00:01.378593
1207	4	8	0.448	0	0:00:01.384374
1208	3	-1	0.0	0	0:00:01.380841
1209	7	7	0.187	1	0:00:01.382898
1210	0	0	1.29	1	0:00:01.381503
1211	6	2	0.0546	0	0:00:01.381406
1212	1	1	1.25	1	0:00:01.385098
1213	8	8	1.91	1	0:00:01.379612
1214	5	5	1.3	1	0:00:01.384506
1215	7	7	1.63	1	0:00:01.383103
1216	8	8	1.64	1	0:00:01.380310
1217	4	4	0.537	1	0:00:01.380769
1218	8	8	0.359	1	0:00:01.381056
1219	3	5	0.66	0	0:00:01.382633
1220	9	-1	0.0	0	0:00:01.382752
1221	9	9	0.0907	1	0:00:01.383804
1222	9	-1	0.0	0	0:00:01.384114
1223	8	0	1.6	0	0:00:01.376033
1224	7	-1	0.0	0	0:00:01.381567
1225	6	6	1.06	1	0:00:01.379878
1226	6	6	0.0096	1	0:00:01.382045
1227	3	3	0.0243	1	0:00:01.383062
1228	5	-1	0.0	0	0:00:01.384023
1229	1	1	1.68	1	0:00:01.384176
1230	5	3	0.564	0	0:00:01.385222
1231	9	9	0.694	1	0:00:01.383178
1232	1	1	1.13	1	0:00:01.382546
1233	4	4	0.515	1	0:00:01.380160
1234	1	1	0.752	1	0:00:01.382880
1235	5	5	0.424	1	0:00:01.384719
1236	7	-1	0.0	0	0:00:01.382228
1237	0	0	0.805	1	0:00:01.381613
1238	1	1	1.91	1	0:00:01.379421
1239	5	5	0.141	1	0:00:01.382856
1240	2	6	0.694	0	0:00:01.378835
1241	0	0	0.573	1	0:00:01.380245
1242	8	-1	0.0	0	0:00:01.380532
1243	8	8	1.17	1	0:00:01.380020
1244	5	3	0.404	0	0:00:01.383098
1245	6	3	0.0716	0	0:00:01.379642
1246	7	-1	0.0	0	0:00:01.383574
1247	3	-1	0.0	0	0:00:01.381708
1248	2	-1	0.0	0	0:00:01.380957
1249	4	-1	0.0	0	0:00:01.380898
1250	7	7	0.753	1	0:00:01.380441
1251	2	5	0.277	0	0:00:01.382644
1252	5	5	1.54	1	0:00:01.382895
1253	8	8	0.476	1	0:00:01.382991
1254	2	2	0.883	1	0:00:01.381270
1255	4	4	0.381	1	0:00:01.381471
1256	9	8	1.52	0	0:00:01.377728
1257	2	-1	0.0	0	0:00:01.382555
1258	1	1	0.508	1	0:00:01.379664
1259	8	8	0.761	1	0:00:01.378994
1260	1	9	0.129	0	0:00:01.379736
1261	9	8	0.0862	0	0:00:01.380947
1262	8	8	0.786	1	0:00:01.382308
1263	8	0	0.0685	0	0:00:01.379553
1264	8	8	1.11	1	0:00:01.382862
1265	9	1	0.205	0	0:00:01.381221
1266	0	8	0.151	0	0:00:01.379241
1267	4	4	0.274	1	0:00:01.384059
1268	3	-1	0.0	0	0:00:01.382567
1269	3	3	0.834	1	0:00:01.381575
1270	1	-1	0.0	0	0:00:01.379531
1271	8	8	1.54	1	0:00:01.380100
1272	4	7	0.609	0	0:00:01.381379
1273	6	6	0.162	1	0:00:01.381929
1274	3	3	0.0411	1	0:00:01.382669
1275	3	-1	0.0	0	0:00:01.379927
1276	5	5	0.832	1	0:00:01.383615
1277	2	3	0.0178	0	0:00:01.379736
1278	2	2	1.1	1	0:00:01.382233
1279	8	8	0.199	1	0:00:01.380850
1280	3	5	1.01	0	0:00:01.379342
1281	8	8	1.39	1	0:00:01.379115
1282	9	8	0.0452	0	0:00:01.380681
1283	5	5	0.757	1	0:00:01.379289
1284	8	8	0.257	1	0:00:01.381459
1285	9	9	0.0414	1	0:00:01.385096
1286	8	8	0.342	1	0:00:01.381684
1287	9	-1	0.0	0	0:00:01.380020
1288	1	1	1.61	1	0:00:01.378263
1289	6	6	1.09	1	0:00:01.382680
1290	5	5	0.343	1	0:00:01.381444
1291	9	9	1.13	1	0:00:01.379403
1292	4	4	0.251	1	0:00:01.381140
1293	4	4	0.636	1	0:00:01.381119
1294	8	0	0.161	0	0:00:01.379571
1295	0	0	0.601	1	0:00:01.381186
1296	7	7	0.4	1	0:00:01.380553
1297	2	-1	0.0	0	0:00:01.380309
1298	9	9	1.75	1	0:00:01.376979
1299	7	9	0.0791	0	0:00:01.380191
1300	4	3	0.418	0	0:00:01.378579
1301	1	1	1.91	1	0:00:01.383448
1302	6	2	0.149	0	0:00:01.382341
1303	4	3	0.123	0	0:00:01.373410
1304	4	0	0.0267	0	0:00:01.382064
1305	9	9	1.42	1	0:00:01.382958
1306	1	-1	0.0	0	0:00:01.383329
1307	2	2	0.143	1	0:00:01.374208
1308	5	-1	0.0	0	0:00:01.379297
1309	6	6	0.358	1	0:00:01.383008
1310	0	0	1.71	1	0:00:01.380877
1311	8	8	1.27	1	0:00:01.382081
1312	6	6	0.862	1	0:00:01.382752
1313	1	1	1.34	1	0:00:01.381929
1314	9	9	0.0485	1	0:00:01.381933
1315	4	-1	0.0	0	0:00:01.378992
1316	5	5	1.05	1	0:00:01.381303
1317	9	9	1.91	1	0:00:01.380047
1318	5	-1	0.0	0	0:00:01.379885
1319	0	0	1.43	1	0:00:01.378856
1320	7	7	0.277	1	0:00:01.383117
1321	2	3	0.964	0	0:00:01.381812
1322	0	0	0.959	1	0:00:01.382130
1323	0	8	0.274	0	0:00:01.380432
1324	4	4	0.177	1	0:00:01.383563
1325	2	2	0.0297	1	0:00:01.378802
1326	6	6	0.519	1	0:00:01.380606
1327	6	6	1.71	1	0:00:01.383982
1328	5	-1	0.0	0	0:00:01.379632
1329	5	7	0.491	0	0:00:01.382111
1330	2	2	0.0819	1	0:00:01.379736
1331	8	8	1.91	1	0:00:01.386944
1332	1	9	0.0542	0	0:00:01.379401
1333	7	7	0.281	1	0:00:01.381546
1334	3	2	0.352	0	0:00:01.380620
1335	1	1	1.5	1	0:00:01.379009
1336	4	4	0.205	1	0:00:01.377254
1337	5	3	0.0804	0	0:00:01.380639
1338	6	6	1.06	1	0:00:01.382096
1339	5	3	0.165	0	0:00:01.380054
1340	1	1	1.8	1	0:00:01.377638
1341	4	-1	0.0	0	0:00:01.378940
1342	7	-1	0.0	0	0:00:01.381528
1343	0	0	0.982	1	0:00:01.381644
1344	9	9	0.137	1	0:00:01.377604
1345	4	2	0.12	0	0:00:01.381692
1346	3	-1	0.0	0	0:00:01.379537
1347	8	8	1.91	1	0:00:01.380610
1348	2	-1	0.0	0	0:00:01.380232
1349	8	8	1.48	1	0:00:01.379820
1350	4	-1	0.0	0	0:00:01.378313
1351	7	7	1.35	1	0:00:01.375032
1352	2	-1	0.0	0	0:00:01.382211
1353	3	-1	0.0	0	0:00:01.381295
1354	1	1	1.91	1	0:00:01.382369
1355	5	3	0.173	0	0:00:01.380832
1356	2	2	0.0635	1	0:00:01.384311
1357	9	9	0.195	1	0:00:01.378770
1358	8	8	1.37	1	0:00:01.382935
1359	9	9	1.75	1	0:00:01.377591
1360	7	7	0.468	1	0:00:01.382501
1361	9	9	0.701	1	0:00:01.380225
1362	5	5	0.183	1	0:00:01.384064
1363	1	1	1.49	1	0:00:01.379428
1364	4	4	0.964	1	0:00:01.379704
1365	0	0	1.41	1	0:00:01.378477
1366	8	8	1.64	1	0:00:01.379042
1367	2	2	0.553	1	0:00:01.377790
1368	3	3	1.03	1	0:00:01.377378
1369	8	8	0.745	1	0:00:01.379764
1370	9	9	0.339	1	0:00:01.382131
1371	1	1	1.22	1	0:00:01.378979
1372	1	1	0.686	1	0:00:01.380140
1373	3	5	0.0937	0	0:00:01.379868
1374	2	0	0.466	0	0:00:01.379706
1375	4	4	1.91	1	0:00:01.379945
1376	9	9	0.0924	1	0:00:01.379736
1377	3	-1	0.0	0	0:00:01.382528
1378	1	1	0.764	1	0:00:01.380392
1379	7	7	0.822	1	0:00:01.377483
1380	4	5	0.217	0	0:00:01.379794
1381	6	6	0.371	1	0:00:01.380986
1382	2	2	0.626	1	0:00:01.376850
1383	8	-1	0.0	0	0:00:01.377882
1384	9	9	0.458	1	0:00:01.381752
1385	5	5	0.946	1	0:00:01.380755
1386	3	3	1.07	1	0:00:01.380307
1387	9	9	1.91	1	0:00:01.378997
1388	5	3	0.241	0	0:00:01.380455
1389	5	4	0.184	0	0:00:01.379828
1390	6	6	0.467	1	0:00:01.379786
1391	7	-1	0.0	0	0:00:01.378401
1392	2	2	1.38	1	0:00:01.380108
1393	4	-1	0.0	0	0:00:01.380372
1394	6	-1	0.0	0	0:00:01.380986
1395	3	-1	0.0	0	0:00:01.379351
1396	1	1	0.375	1	0:00:01.382234
1397	0	2	0.415	0	0:00:01.378273
1398	7	7	0.397	1	0:00:01.379951
1399	2	0	1.01	0	0:00:01.374057
1400	5	3	0.42	0	0:00:01.379904
1401	4	7	0.194	0	0:00:01.378111
1402	7	7	0.681	1	0:00:01.382192
1403	6	4	0.0432	0	0:00:01.380460
1404	1	1	0.643	1	0:00:01.380547
1405	1	1	0.292	1	0:00:01.380812
1406	9	9	0.582	1	0:00:01.377642
1407	8	8	0.476	1	0:00:01.380820
1408	1	1	1.07	1	0:00:01.381661
1409	0	0	0.135	1	0:00:01.377935
1410	1	1	1.91	1	0:00:01.377627
1411	3	3	0.137	1	0:00:01.377303
1412	1	1	1.63	1	0:00:01.378758
1413	1	1	0.907	1	0:00:01.377170
1414	1	1	1.0	1	0:00:01.380303
1415	7	7	0.0628	1	0:00:01.380405
1416	3	3	0.88	1	0:00:01.377231
1417	9	9	0.767	1	0:00:01.377483
1418	6	2	0.0946	0	0:00:01.378110
1419	8	8	1.91	1	0:00:01.375766
1420	4	7	0.769	0	0:00:01.378745
1421	6	6	1.0	1	0:00:01.381422
1422	8	8	0.183	1	0:00:01.376058
1423	4	4	0.83	1	0:00:01.376785
1424	9	9	1.44	1	0:00:01.379127
1425	4	4	0.406	1	0:00:01.380852
1426	7	7	1.12	1	0:00:01.379040
1427	9	9	1.08	1	0:00:01.380530
1428	7	7	0.493	1	0:00:01.379338
1429	6	6	0.0446	1	0:00:01.380503
1430	8	-1	0.0	0	0:00:01.382457
1431	4	4	0.714	1	0:00:01.378966
1432	9	9	1.55	1	0:00:01.377794
1433	7	7	0.529	1	0:00:01.376288
1434	0	0	0.401	1	0:00:01.378641
1435	1	1	1.91	1	0:00:01.376930
1436	6	6	1.91	1	0:00:01.377701
1437	1	1	0.207	1	0:00:01.379349
1438	5	-1	0.0	0	0:00:01.380399
1439	9	-1	0.0	0	0:00:01.376994
1440	0	0	0.0108	1	0:00:01.379487
1441	4	4	0.717	1	0:00:01.378090
1442	3	3	0.336	1	0:00:01.377301
1443	4	4	0.546	1	0:00:01.378105
1444	1	1	1.68	1	0:00:01.377663
1445	3	3	0.445	1	0:00:01.380162
1446	0	0	0.234	1	0:00:01.379917
1447	8	8	1.32	1	0:00:01.376550
1448	4	4	1.27	1	0:00:01.379719
1449	6	6	1.57	1	0:00:01.380653
1450	2	6	0.295	0	0:00:01.377476
1451	2	2	0.772	1	0:00:01.381124
1452	6	-1	0.0	0	0:00:01.376834
1453	5	5	1.09	1	0:00:01.378550
1454	3	5	0.193	0	0:00:01.375799
1455	6	6	1.32	1	0:00:01.376051
1456	2	-1	0.0	0	0:00:01.381903
1457	1	1	1.42	1	0:00:01.378650
1458	1	1	1.16	1	0:00:01.378183
1459	8	8	0.205	1	0:00:01.376134
1460	6	6	1.01	1	0:00:01.381600
1461	0	0	1.24	1	0:00:01.379254
1462	4	-1	0.0	0	0:00:01.379297
1463	0	0	0.521	1	0:00:01.378870
1464	1	1	0.477	1	0:00:01.377516
1465	9	9	0.526	1	0:00:01.377419
1466	7	7	1.91	1	0:00:01.379394
1467	1	1	0.975	1	0:00:01.381545
1468	3	3	0.39	1	0:00:01.379018
1469	7	7	1.52	1	0:00:01.373618
1470	7	7	0.131	1	0:00:01.380107
1471	8	8	0.0262	1	0:00:01.377926
1472	7	7	0.568	1	0:00:01.377454
1473	7	7	1.91	1	0:00:01.381583
1474	3	3	0.0105	1	0:00:01.379594
1475	9	9	1.19	1	0:00:01.378843
1476	7	7	1.64	1	0:00:01.383594
1477	7	7	0.167	1	0:00:01.379416
1478	7	7	0.0436	1	0:00:01.380195
1479	2	-1	0.0	0	0:00:01.381213
1480	1	1	0.751	1	0:00:01.376475
1481	2	2	1.63	1	0:00:01.378793
1482	8	8	0.435	1	0:00:01.377198
1483	6	6	0.848	1	0:00:01.379041
1484	4	2	0.0128	0	0:00:01.381521
1485	0	0	0.694	1	0:00:01.374640
1486	7	7	1.71	1	0:00:01.381012
1487	9	9	0.431	1	0:00:01.380871
1488	8	8	0.468	1	0:00:01.379661
1489	6	6	0.205	1	0:00:01.378507
1490	8	8	1.6	1	0:00:01.379620
1491	4	-1	0.0	0	0:00:01.378663
1492	9	-1	0.0	0	0:00:01.377910
1493	1	1	0.324	1	0:00:01.377881
1494	7	7	0.21	1	0:00:01.377482
1495	2	2	0.486	1	0:00:01.376616
1496	2	2	0.283	1	0:00:01.379042
1497	8	8	0.717	1	0:00:01.378248
1498	5	3	1.91	0	0:00:01.374793
1499	8	8	0.583	1	0:00:01.380752
1500	1	1	1.19	1	0:00:01.375378
1501	2	-1	0.0	0	0:00:01.377667
1502	2	-1	0.0	0	0:00:01.375495
1503	4	0	0.315	0	0:00:01.379001
1504	1	8	0.0374	0	0:00:01.377653
1505	2	-1	0.0	0	0:00:01.378591
1506	5	7	0.806	0	0:00:01.380264
1507	2	-1	0.0	0	0:00:01.377140
1508	8	8	1.16	1	0:00:01.378766
1509	1	1	0.516	1	0:00:01.381272
1510	8	-1	0.0	0	0:00:01.378417
1511	1	1	1.91	1	0:00:01.378434
1512	8	8	0.819	1	0:00:01.378644
1513	6	5	0.0316	0	0:00:01.379287
1514	0	9	0.156	0	0:00:01.379058
1515	2	2	0.503	1	0:00:01.381019
1516	4	4	0.427	1	0:00:01.380398
1517	1	1	0.492	1	0:00:01.375798
1518	3	-1	0.0	0	0:00:01.379863
1519	6	6	1.03	1	0:00:01.377655
1520	7	7	1.1	1	0:00:01.378969
1521	7	7	0.388	1	0:00:01.380996
1522	4	4	0.702	1	0:00:01.377526
1523	4	4	1.27	1	0:00:01.379714
1524	3	3	0.0151	1	0:00:01.378183
1525	3	5	0.373	0	0:00:01.379388
1526	4	4	0.176	1	0:00:01.379826
1527	5	3	0.183	0	0:00:01.382346
1528	2	2	1.91	1	0:00:01.376460
1529	4	-1	0.0	0	0:00:01.379353
1530	3	3	0.0374	1	0:00:01.380568
1531	7	7	0.758	1	0:00:01.378878
1532	8	0	0.354	0	0:00:01.373311
1533	4	4	0.98	1	0:00:01.379536
1534	4	4	0.32	1	0:00:01.382863
1535	4	2	0.144	0	0:00:01.382529
1536	5	3	0.682	0	0:00:01.383353
1537	4	4	0.0462	1	0:00:01.379117
1538	3	3	0.266	1	0:00:01.380271
1539	2	2	0.291	1	0:00:01.378530
1540	8	8	1.8	1	0:00:01.379268
1541	4	4	0.221	1	0:00:01.378165
1542	5	5	0.976	1	0:00:01.379966
1543	5	5	0.199	1	0:00:01.377455
1544	4	4	0.884	1	0:00:01.379827
1545	1	9	0.123	0	0:00:01.379160
1546	4	4	0.804	1	0:00:01.379539
1547	2	0	0.601	0	0:00:01.375263
1548	5	5	0.421	1	0:00:01.377509
1549	1	1	0.701	1	0:00:01.377542
1550	6	6	0.115	1	0:00:01.379023
1551	4	4	0.0439	1	0:00:01.376325
1552	3	3	0.294	1	0:00:01.381090
1553	4	4	0.102	1	0:00:01.381546
1554	4	6	0.268	0	0:00:01.377205
1555	0	0	0.224	1	0:00:01.378389
1556	8	8	1.18	1	0:00:01.379999
1557	8	8	0.888	1	0:00:01.377203
1558	4	4	0.474	1	0:00:01.380972
1559	5	3	0.0766	0	0:00:01.380897
1560	7	7	1.91	1	0:00:01.376754
1561	5	5	1.8	1	0:00:01.379632
1562	6	6	1.49	1	0:00:01.376646
1563	9	9	1.91	1	0:00:01.374811
1564	1	1	0.704	1	0:00:01.376917
1565	6	6	0.737	1	0:00:01.381233
1566	7	7	0.875	1	0:00:01.379625
1567	2	2	1.17	1	0:00:01.379968
1568	0	0	0.437	1	0:00:01.381166
1569	1	1	0.716	1	0:00:01.378766
1570	4	4	0.103	1	0:00:01.380942
1571	5	5	0.228	1	0:00:01.378823
1572	6	-1	0.0	0	0:00:01.380370
1573	0	0	0.423	1	0:00:01.383425
1574	0	9	0.112	0	0:00:01.375620
1575	2	2	0.187	1	0:00:01.376905
1576	7	6	0.00603	0	0:00:01.377405
1577	5	-1	0.0	0	0:00:01.379771
1578	6	6	0.569	1	0:00:01.379913
1579	0	0	1.4	1	0:00:01.372824
1580	6	1	0.681	0	0:00:01.380858
1581	2	5	0.275	0	0:00:01.376765
1582	9	9	1.66	1	0:00:01.381371
1583	1	-1	0.0	0	0:00:01.378043
1584	7	-1	0.0	0	0:00:01.378448
1585	7	7	1.91	1	0:00:01.378505
1586	5	5	0.256	1	0:00:01.380149
1587	2	0	0.604	0	0:00:01.375956
1588	5	5	0.822	1	0:00:01.378716
1589	6	6	1.61	1	0:00:01.381946
1590	4	-1	0.0	0	0:00:01.376851
1591	1	1	1.91	1	0:00:01.381829
1592	4	-1	0.0	0	0:00:01.382478
1593	3	3	0.557	1	0:00:01.378771
1594	3	3	0.354	1	0:00:01.379505
1595	3	1	0.0211	0	0:00:01.377118
1596	0	0	0.911	1	0:00:01.379924
1597	3	3	0.172	1	0:00:01.379653
1598	5	-1	0.0	0	0:00:01.378834
1599	5	5	0.338	1	0:00:01.380834
1600	8	-1	0.0	0	0:00:01.381182
1601	9	9	0.203	1	0:00:01.379120
1602	7	7	0.197	1	0:00:01.382819
1603	3	3	0.306	1	0:00:01.374989
1604	1	1	1.61	1	0:00:01.380576
1605	3	-1	0.0	0	0:00:01.380052
1606	3	8	0.0468	0	0:00:01.379133
1607	3	5	0.472	0	0:00:01.381049
1608	4	4	0.51	1	0:00:01.379047
1609	4	4	0.369	1	0:00:01.381750
1610	2	-1	0.0	0	0:00:01.381330
1611	3	3	0.345	1	0:00:01.382720
1612	3	-1	0.0	0	0:00:01.381845
1613	8	8	0.135	1	0:00:01.377491
1614	1	1	1.71	1	0:00:01.380722
1615	7	7	1.53	1	0:00:01.379336
1616	7	7	0.853	1	0:00:01.376850
1617	0	0	1.71	1	0:00:01.375622
1618	7	-1	0.0	0	0:00:01.379517
1619	4	4	0.675	1	0:00:01.381204
1620	5	8	0.39	0	0:00:01.379569
1621	1	1	1.38	1	0:00:01.380932
1622	4	-1	0.0	0	0:00:01.380436
1623	2	-1	0.0	0	0:00:01.380444
1624	4	7	0.136	0	0:00:01.380332
1625	3	3	0.508	1	0:00:01.379819
1626	9	-1	0.0	0	0:00:01.380163
1627	9	9	1.66	1	0:00:01.379384
1628	4	4	0.0545	1	0:00:01.380853
1629	9	9	0.276	1	0:00:01.376089
1630	9	9	1.13	1	0:00:01.377368
1631	1	1	1.25	1	0:00:01.378326
1632	8	8	0.329	1	0:00:01.378011
1633	1	8	0.263	0	0:00:01.378702
1634	6	6	0.977	1	0:00:01.379570
1635	7	7	0.95	1	0:00:01.380898
1636	5	-1	0.0	0	0:00:01.380393
1637	5	5	0.607	1	0:00:01.381562
1638	4	-1	0.0	0	0:00:01.378741
1639	9	9	0.68	1	0:00:01.379280
1640	7	5	0.272	0	0:00:01.378818
1641	6	6	0.7	1	0:00:01.380339
1642	5	-1	0.0	0	0:00:01.379234
1643	9	9	0.829	1	0:00:01.382184
1644	2	-1	0.0	0	0:00:01.381431
1645	4	4	0.487	1	0:00:01.381626
1646	0	0	0.934	1	0:00:01.377491
1647	7	7	0.73	1	0:00:01.381397
1648	8	8	1.03	1	0:00:01.378591
1649	5	5	0.0398	1	0:00:01.381770
1650	5	5	1.66	1	0:00:01.380730
1651	0	0	0.139	1	0:00:01.374021
1652	0	0	1.55	1	0:00:01.378726
1653	9	8	0.428	0	0:00:01.379059
1654	9	9	1.48	1	0:00:01.378270
1655	8	8	1.28	1	0:00:01.379824
1656	2	2	0.0555	1	0:00:01.380825
1657	5	5	0.269	1	0:00:01.377218
1658	4	0	0.542	0	0:00:01.381337
1659	8	8	1.23	1	0:00:01.379308
1660	3	3	0.594	1	0:00:01.381366
1661	6	6	0.293	1	0:00:01.381470
1662	3	9	0.00502	0	0:00:01.379231
1663	6	-1	0.0	0	0:00:01.378875
1664	0	0	0.864	1	0:00:01.374721
1665	6	6	1.39	1	0:00:01.378062
1666	6	6	0.073	1	0:00:01.379297
1667	6	6	0.144	1	0:00:01.378586
1668	9	9	0.506	1	0:00:01.380574
1669	6	6	0.081	1	0:00:01.380922
1670	6	4	0.396	0	0:00:01.378489
1671	8	8	1.91	1	0:00:01.378047
1672	6	6	0.209	1	0:00:01.379221
1673	2	6	0.532	0	0:00:01.381002
1674	4	4	0.184	1	0:00:01.376570
1675	5	-1	0.0	0	0:00:01.382784
1676	8	8	0.972	1	0:00:01.375887
1677	1	1	1.66	1	0:00:01.380075
1678	2	2	0.588	1	0:00:01.379601
1679	7	7	1.42	1	0:00:01.381912
1680	6	6	0.807	1	0:00:01.378127
1681	5	6	0.284	0	0:00:01.379324
1682	7	7	1.63	1	0:00:01.381660
1683	8	0	0.333	0	0:00:01.379899
1684	1	9	1.15	0	0:00:01.381838
1685	8	-1	0.0	0	0:00:01.380607
1686	0	8	0.795	0	0:00:01.382980
1687	8	0	0.798	0	0:00:01.381487
1688	6	6	0.538	1	0:00:01.377561
1689	9	-1	0.0	0	0:00:01.378510
1690	2	0	0.055	0	0:00:01.381828
1691	8	8	1.68	1	0:00:01.380248
1692	9	9	1.22	1	0:00:01.380255
1693	4	9	0.231	0	0:00:01.383437
1694	0	0	1.41	1	0:00:01.379384
1695	9	9	0.939	1	0:00:01.380408
1696	4	4	0.175	1	0:00:01.382171
1697	9	9	0.658	1	0:00:01.380559
1698	5	5	0.163	1	0:00:01.381011
1699	7	7	0.467	1	0:00:01.381511
1700	5	-1	0.0	0	0:00:01.380897
1701	5	5	0.106	1	0:00:01.380451
1702	9	9	0.11	1	0:00:01.377320
1703	5	5	0.319	1	0:00:01.381049
1704	3	3	0.82	1	0:00:01.378602
1705	0	0	1.91	1	0:00:01.377112
1706	1	1	1.27	1	0:00:01.380297
1707	9	9	1.08	1	0:00:01.378783
1708	7	7	0.844	1	0:00:01.381176
1709	2	4	0.0748	0	0:00:01.377820
1710	4	-1	0.0	0	0:00:01.383241
1711	1	1	1.66	1	0:00:01.380928
1712	0	0	1.4	1	0:00:01.379290
1713	8	-1	0.0	0	0:00:01.379711
1714	0	0	0.972	1	0:00:01.378774
1715	3	-1	0.0	0	0:00:01.379469
1716	1	1	0.574	1	0:00:01.381069
1717	7	7	1.1	1	0:00:01.380449
1718	0	8	0.922	0	0:00:01.378164
1719	0	0	0.975	1	0:00:01.381664
1720	4	-1	0.0	0	0:00:01.380959
1721	8	8	0.723	1	0:00:01.379293
1722	6	6	0.617	1	0:00:01.382063
1723	2	-1	0.0	0	0:00:01.376711
1724	4	2	0.331	0	0:00:01.379148
1725	0	0	1.91	1	0:00:01.380722
1726	0	0	0.999	1	0:00:01.379944
1727	9	8	0.239	0	0:00:01.379420
1728	0	0	0.34	1	0:00:01.379058
1729	8	8	1.91	1	0:00:01.377630
1730	4	-1	0.0	0	0:00:01.377171
1731	5	6	1.05	0	0:00:01.379080
1732	9	9	0.101	1	0:00:01.381852
1733	3	3	1.13	1	0:00:01.377770
1734	9	9	1.91	1	0:00:01.378182
1735	0	0	0.722	1	0:00:01.380841
1736	5	9	0.246	0	0:00:01.381122
1737	6	-1	0.0	0	0:00:01.381104
1738	5	5	0.267	1	0:00:01.377127
1739	0	7	0.331	0	0:00:01.380144
1740	1	9	0.729	0	0:00:01.379328
1741	4	5	0.0138	0	0:00:01.379115
1742	8	8	1.91	1	0:00:01.379733
1743	1	1	1.91	1	0:00:01.383530
1744	0	0	1.45	1	0:00:01.377196
1745	5	5	0.906	1	0:00:01.381463
1746	2	-1	0.0	0	0:00:01.380472
1747	1	1	0.592	1	0:00:01.379254
1748	0	0	1.3	1	0:00:01.377331
1749	2	4	0.114	0	0:00:01.379210
1750	8	8	1.02	1	0:00:01.378716
1751	1	1	1.06	1	0:00:01.378670
1752	5	2	0.226	0	0:00:01.380425
1753	6	6	0.277	1	0:00:01.381468
1754	7	7	1.42	1	0:00:01.379121
1755	7	7	1.23	1	0:00:01.377840
1756	2	-1	0.0	0	0:00:01.380108
1757	6	6	0.474	1	0:00:01.378598
1758	2	2	0.439	1	0:00:01.378152
1759	5	3	0.193	0	0:00:01.378119
1760	0	0	0.0404	1	0:00:01.378902
1761	1	1	1.36	1	0:00:01.380277
1762	4	4	0.0499	1	0:00:01.377447
1763	2	2	1.15	1	0:00:01.378557
1764	5	-1	0.0	0	0:00:01.380613
1765	4	6	0.063	0	0:00:01.381352
1766	6	5	0.000638	0	0:00:01.378350
1767	2	4	0.553	0	0:00:01.380883
1768	2	2	1.61	1	0:00:01.375196
1769	1	-1	0.0	0	0:00:01.378843
1770	7	7	0.288	1	0:00:01.377208
1771	2	2	0.258	1	0:00:01.376895
1772	8	-1	0.0	0	0:00:01.377057
1773	5	3	0.606	0	0:00:01.379028
1774	5	-1	0.0	0	0:00:01.380337
1775	3	3	0.815	1	0:00:01.379394
1776	0	0	1.06	1	0:00:01.377752
1777	4	4	0.98	1	0:00:01.380258
1778	8	8	0.713	1	0:00:01.375896
1779	3	3	0.373	1	0:00:01.379668
1780	7	7	0.703	1	0:00:01.378988
1781	6	6	1.33	1	0:00:01.382090
1782	3	6	0.0523	0	0:00:01.382134
1783	8	8	1.47	1	0:00:01.376241
1784	1	1	1.3	1	0:00:01.379679
1785	0	0	0.156	1	0:00:01.379561
1786	1	1	0.109	1	0:00:01.379455
1787	3	0	0.558	0	0:00:01.379442
1788	3	-1	0.0	0	0:00:01.380572
1789	0	0	0.516	1	0:00:01.380968
1790	7	5	0.923	0	0:00:01.378752
1791	4	6	0.18	0	0:00:01.382941
1792	9	9	1.91	1	0:00:01.376684
1793	5	5	0.93	1	0:00:01.379718
1794	3	4	0.071	0	0:00:01.379471
1795	6	6	0.15	1	0:00:01.378917
1796	0	0	1.91	1	0:00:01.378117
1797	1	1	0.977	1	0:00:01.378256
1798	4	6	0.00302	0	0:00:01.380587
1799	4	-1	0.0	0	0:00:01.380452
1800	4	-1	0.0	0	0:00:01.382747
1801	4	4	1.06	1	0:00:01.378606
1802	2	-1	0.0	0	0:00:01.380250
1803	2	6	0.0591	0	0:00:01.379518
1804	5	3	0.0295	0	0:00:01.380637
1805	8	8	0.738	1	0:00:01.380750
1806	1	1	0.601	1	0:00:01.378865
1807	5	-1	0.0	0	0:00:01.381611
1808	9	9	0.00778	1	0:00:01.380241
1809	8	8	0.439	1	0:00:01.376248
1810	1	1	0.324	1	0:00:01.378228
1811	1	8	0.0787	0	0:00:01.381425
1812	5	-1	0.0	0	0:00:01.379596
1813	3	-1	0.0	0	0:00:01.381557
1814	9	9	0.705	1	0:00:01.380562
1815	9	9	1.09	1	0:00:01.378080
1816	7	7	0.0653	1	0:00:01.376956
1817	6	6	0.398	1	0:00:01.379794
1818	5	3	0.0334	0	0:00:01.380314
1819	0	0	1.35	1	0:00:01.375895
1820	8	8	0.523	1	0:00:01.380291
1821	4	-1	0.0	0	0:00:01.376541
1822	7	-1	0.0	0	0:00:01.379290
1823	0	-1	0.0	0	0:00:01.379316
1824	9	9	1.19	1	0:00:01.377075
1825	2	2	1.46	1	0:00:01.378901
1826	8	8	1.27	1	0:00:01.375785
1827	4	4	0.938	1	0:00:01.377509
1828	7	-1	0.0	0	0:00:01.376851
1829	1	9	0.0212	0	0:00:01.378919
1830	3	2	0.406	0	0:00:01.374365
1831	9	9	0.215	1	0:00:01.375721
1832	6	-1	0.0	0	0:00:01.377993
1833	8	8	1.75	1	0:00:01.376261
1834	9	-1	0.0	0	0:00:01.379695
1835	0	2	0.221	0	0:00:01.379734
1836	4	-1	0.0	0	0:00:01.375077
1837	9	6	0.0831	0	0:00:01.380584
1838	6	-1	0.0	0	0:00:01.379931
1839	7	7	1.91	1	0:00:01.379876
1840	8	-1	0.0	0	0:00:01.378179
1841	9	8	0.0331	0	0:00:01.376896
1842	4	4	0.94	1	0:00:01.377770
1843	8	8	1.8	1	0:00:01.378553
1844	9	3	0.0714	0	0:00:01.378533
1845	7	7	0.116	1	0:00:01.380054
1846	2	2	0.249	1	0:00:01.379457
1847	5	3	0.194	0	0:00:01.376907
1848	3	3	0.64	1	0:00:01.380107
1849	7	7	1.4	1	0:00:01.380621
1850	1	3	0.121	0	0:00:01.378394
1851	0	0	1.34	1	0:00:01.375507
1852	2	8	0.134	0	0:00:01.378391
1853	9	9	0.333	1	0:00:01.380105
1854	5	5	0.511	1	0:00:01.376654
1855	5	3	0.354	0	0:00:01.378241
1856	8	8	1.59	1	0:00:01.379208
1857	5	5	1.3	1	0:00:01.377230
1858	4	2	0.197	0	0:00:01.376899
1859	2	2	0.151	1	0:00:01.379913
1860	8	8	1.56	1	0:00:01.380620
1861	3	-1	0.0	0	0:00:01.379967
1862	5	-1	0.0	0	0:00:01.379077
1863	5	6	0.0357	0	0:00:01.381536
1864	7	7	1.91	1	0:00:01.377994
1865	7	7	1.0	1	0:00:01.379780
1866	8	8	1.8	1	0:00:01.379925
1867	6	6	0.333	1	0:00:01.379726
1868	2	5	0.594	0	0:00:01.378653
1869	8	8	1.21	1	0:00:01.378281
1870	2	2	1.05	1	0:00:01.378437
1871	3	-1	0.0	0	0:00:01.380414
1872	5	5	0.923	1	0:00:01.378965
1873	6	6	0.0262	1	0:00:01.377136
1874	8	8	0.792	1	0:00:01.378032
1875	0	0	1.5	1	0:00:01.373152
1876	2	-1	0.0	0	0:00:01.377301
1877	3	-1	0.0	0	0:00:01.379990
1878	7	7	1.52	1	0:00:01.378380
1879	0	0	0.582	1	0:00:01.380883
1880	1	1	0.973	1	0:00:01.374924
1881	9	9	1.8	1	0:00:01.378384
1882	1	1	0.103	1	0:00:01.379833
1883	3	6	0.248	0	0:00:01.378811
1884	7	-1	0.0	0	0:00:01.378026
1885	5	5	0.343	1	0:00:01.382174
1886	8	8	0.191	1	0:00:01.378725
1887	3	-1	0.0	0	0:00:01.379718
