idx	label	predict	radius	correct	time
888	0	2	0.0819	0	0:00:01.666647
889	4	-1	0.0	0	0:00:01.658976
890	4	-1	0.0	0	0:00:01.661263
891	6	6	0.481	1	0:00:01.664837
892	7	7	1.51	1	0:00:01.664474
893	6	5	0.0695	0	0:00:01.657423
894	1	1	1.8	1	0:00:01.661165
895	1	1	1.24	1	0:00:01.664968
896	3	3	1.18	1	0:00:01.663813
897	7	7	0.695	1	0:00:01.659004
898	3	3	0.227	1	0:00:01.661051
899	5	5	1.55	1	0:00:01.662869
900	2	6	0.333	0	0:00:01.659092
901	6	6	1.05	1	0:00:01.654879
902	6	6	0.63	1	0:00:01.662941
903	5	5	0.408	1	0:00:01.662015
904	8	8	0.418	1	0:00:01.663429
905	7	7	0.553	1	0:00:01.658341
906	1	1	0.124	1	0:00:01.660896
907	6	-1	0.0	0	0:00:01.660303
908	8	8	1.07	1	0:00:01.661353
909	8	8	0.785	1	0:00:01.659329
910	5	-1	0.0	0	0:00:01.662113
911	3	3	1.36	1	0:00:01.662488
912	0	2	0.203	0	0:00:01.663537
913	4	4	0.877	1	0:00:01.654467
914	0	-1	0.0	0	0:00:01.655833
915	1	1	1.03	1	0:00:01.660535
916	3	-1	0.0	0	0:00:01.659172
917	8	8	0.849	1	0:00:01.655916
918	8	8	1.1	1	0:00:01.662308
919	0	4	0.0683	0	0:00:01.661866
920	6	4	0.118	0	0:00:01.657222
921	9	9	1.64	1	0:00:01.658000
922	9	9	0.308	1	0:00:01.660713
923	9	6	0.0568	0	0:00:01.659680
924	5	-1	0.0	0	0:00:01.655044
925	5	3	1.04	0	0:00:01.659162
926	8	8	1.22	1	0:00:01.660685
927	6	-1	0.0	0	0:00:01.657658
928	0	0	0.121	1	0:00:01.659691
929	0	0	0.69	1	0:00:01.656738
930	4	4	0.875	1	0:00:01.657192
931	2	2	1.2	1	0:00:01.659444
932	3	-1	0.0	0	0:00:01.664694
933	2	3	0.455	0	0:00:01.662069
934	7	7	1.91	1	0:00:01.658793
935	2	2	1.07	1	0:00:01.655222
936	2	2	0.361	1	0:00:01.660983
937	5	5	0.496	1	0:00:01.661028
938	9	9	0.145	1	0:00:01.658541
939	8	8	1.34	1	0:00:01.659805
940	9	9	1.31	1	0:00:01.659570
941	1	-1	0.0	0	0:00:01.657832
942	7	7	1.25	1	0:00:01.658324
943	4	6	0.187	0	0:00:01.657786
944	0	0	0.69	1	0:00:01.656258
945	3	3	0.918	1	0:00:01.655140
946	0	0	1.66	1	0:00:01.658558
947	1	1	0.821	1	0:00:01.658267
948	3	8	0.0788	0	0:00:01.652396
949	8	8	0.6	1	0:00:01.658847
950	3	-1	0.0	0	0:00:01.658793
951	9	9	1.75	1	0:00:01.652476
952	6	-1	0.0	0	0:00:01.660465
953	1	-1	0.0	0	0:00:01.661088
954	4	4	0.347	1	0:00:01.656033
955	7	7	1.55	1	0:00:01.657487
956	0	0	0.12	1	0:00:01.660009
957	3	3	0.0532	1	0:00:01.655044
958	7	7	0.542	1	0:00:01.656659
959	8	8	1.54	1	0:00:01.661186
960	9	-1	0.0	0	0:00:01.659161
961	1	1	0.0508	1	0:00:01.656130
962	1	1	1.11	1	0:00:01.658191
963	6	6	0.641	1	0:00:01.660816
964	6	-1	0.0	0	0:00:01.660522
965	6	2	0.169	0	0:00:01.657367
966	6	8	0.191	0	0:00:01.659008
967	9	9	1.42	1	0:00:01.663697
968	1	1	1.36	1	0:00:01.655565
969	9	9	0.382	1	0:00:01.656279
970	9	9	0.975	1	0:00:01.660187
971	4	4	0.463	1	0:00:01.659935
972	2	2	0.159	1	0:00:01.658043
973	1	1	1.06	1	0:00:01.658766
974	7	2	0.222	0	0:00:01.658589
975	0	0	1.42	1	0:00:01.657981
976	6	6	0.329	1	0:00:01.660347
977	8	8	0.688	1	0:00:01.657300
978	1	1	0.369	1	0:00:01.661213
979	9	9	0.248	1	0:00:01.654622
980	2	2	0.165	1	0:00:01.657938
981	9	5	0.0468	0	0:00:01.658246
982	0	3	0.0351	0	0:00:01.659876
983	4	-1	0.0	0	0:00:01.658384
984	7	7	0.442	1	0:00:01.660280
985	8	8	1.91	1	0:00:01.659949
986	3	-1	0.0	0	0:00:01.655215
987	1	1	0.783	1	0:00:01.658563
988	2	-1	0.0	0	0:00:01.664849
989	0	0	0.232	1	0:00:01.655649
990	1	1	0.377	1	0:00:01.657591
991	5	-1	0.0	0	0:00:01.661019
992	8	8	0.526	1	0:00:01.656720
993	4	7	0.0586	0	0:00:01.655099
994	6	3	0.338	0	0:00:01.661776
995	3	-1	0.0	0	0:00:01.661616
996	8	8	0.419	1	0:00:01.658541
997	1	1	0.181	1	0:00:01.655740
998	3	3	0.821	1	0:00:01.660172
999	8	8	1.07	1	0:00:01.654958
1000	5	5	1.18	1	0:00:01.654351
1001	0	0	0.0501	1	0:00:01.661496
1002	8	-1	0.0	0	0:00:01.660224
1003	4	4	0.391	1	0:00:01.654793
1004	8	8	0.989	1	0:00:01.657261
1005	1	1	0.27	1	0:00:01.663113
1006	1	1	0.846	1	0:00:01.657933
1007	8	8	0.657	1	0:00:01.653927
1008	9	1	0.111	0	0:00:01.659127
1009	6	-1	0.0	0	0:00:01.658475
1010	0	0	0.894	1	0:00:01.652436
1011	8	8	1.39	1	0:00:01.658316
1012	6	6	0.14	1	0:00:01.657492
1013	1	1	1.91	1	0:00:01.654198
1014	3	-1	0.0	0	0:00:01.659998
1015	4	4	0.323	1	0:00:01.661372
1016	1	1	0.525	1	0:00:01.659918
1017	6	6	0.592	1	0:00:01.657703
1018	0	0	0.598	1	0:00:01.655876
1019	5	0	0.346	0	0:00:01.652777
1020	1	1	1.29	1	0:00:01.654596
1021	1	-1	0.0	0	0:00:01.656940
1022	0	0	1.07	1	0:00:01.661248
1023	0	0	0.984	1	0:00:01.658670
1024	3	-1	0.0	0	0:00:01.658500
1025	5	5	0.865	1	0:00:01.658216
1026	0	6	0.127	0	0:00:01.661161
1027	0	4	0.794	0	0:00:01.659871
1028	6	6	0.106	1	0:00:01.656074
1029	6	6	1.05	1	0:00:01.660936
1030	3	3	0.79	1	0:00:01.662346
1031	3	3	1.32	1	0:00:01.653710
1032	6	-1	0.0	0	0:00:01.660014
1033	3	3	0.499	1	0:00:01.660522
1034	6	5	0.305	0	0:00:01.662482
1035	6	-1	0.0	0	0:00:01.655802
1036	0	-1	0.0	0	0:00:01.659528
1037	7	7	0.93	1	0:00:01.660180
1038	2	2	1.52	1	0:00:01.658064
1039	2	-1	0.0	0	0:00:01.653045
1040	7	7	0.557	1	0:00:01.658909
1041	5	5	0.647	1	0:00:01.661634
1042	5	2	0.174	0	0:00:01.659574
1043	2	2	0.41	1	0:00:01.658008
1044	8	8	0.804	1	0:00:01.658283
1045	5	-1	0.0	0	0:00:01.659037
1046	2	2	0.382	1	0:00:01.654023
1047	1	1	0.0957	1	0:00:01.655331
1048	1	1	1.31	1	0:00:01.658322
1049	4	-1	0.0	0	0:00:01.656857
1050	3	0	0.217	0	0:00:01.655874
1051	2	2	0.203	1	0:00:01.661490
1052	0	0	0.708	1	0:00:01.658615
1053	3	6	0.147	0	0:00:01.654996
1054	1	1	0.359	1	0:00:01.659467
1055	5	5	0.876	1	0:00:01.661834
1056	3	3	0.297	1	0:00:01.654907
1057	7	5	0.755	0	0:00:01.657973
1058	6	6	0.247	1	0:00:01.659626
1059	8	8	0.037	1	0:00:01.660352
1060	9	9	1.56	1	0:00:01.655516
1061	1	1	0.659	1	0:00:01.659759
1062	6	6	0.502	1	0:00:01.659996
1063	4	4	0.259	1	0:00:01.659481
1064	9	-1	0.0	0	0:00:01.657930
1065	3	9	0.182	0	0:00:01.658879
1066	9	1	1.49	0	0:00:01.661826
1067	0	0	1.91	1	0:00:01.656757
1068	9	9	0.964	1	0:00:01.657857
1069	6	6	1.31	1	0:00:01.660858
1070	3	2	0.269	0	0:00:01.661547
1071	6	6	0.906	1	0:00:01.656169
1072	0	8	0.495	0	0:00:01.661727
1073	7	7	1.71	1	0:00:01.662541
1074	3	3	0.533	1	0:00:01.658493
1075	8	8	1.08	1	0:00:01.658514
1076	0	0	0.783	1	0:00:01.660212
1077	0	0	1.8	1	0:00:01.659039
1078	0	0	1.05	1	0:00:01.650583
1079	6	-1	0.0	0	0:00:01.660935
1080	6	2	0.0355	0	0:00:01.660298
1081	6	6	1.1	1	0:00:01.656105
1082	9	9	0.57	1	0:00:01.660255
1083	2	-1	0.0	0	0:00:01.657686
1084	5	3	0.146	0	0:00:01.655555
1085	4	4	0.751	1	0:00:01.657840
1086	4	4	0.228	1	0:00:01.661395
1087	6	6	0.338	1	0:00:01.658667
1088	3	5	0.146	0	0:00:01.657329
1089	6	6	0.466	1	0:00:01.661436
1090	0	0	0.687	1	0:00:01.661659
1091	8	8	1.53	1	0:00:01.655476
1092	6	6	1.16	1	0:00:01.660972
1093	0	4	0.584	0	0:00:01.662710
1094	6	3	0.146	0	0:00:01.660817
1095	2	2	0.0835	1	0:00:01.655899
1096	7	7	1.51	1	0:00:01.663077
1097	5	5	0.481	1	0:00:01.660792
1098	1	1	0.989	1	0:00:01.660480
1099	2	2	0.29	1	0:00:01.655280
1100	7	-1	0.0	0	0:00:01.659992
1101	8	8	1.43	1	0:00:01.662076
1102	8	8	0.864	1	0:00:01.656786
1103	0	0	1.8	1	0:00:01.657873
1104	9	9	1.07	1	0:00:01.664178
1105	4	3	0.115	0	0:00:01.661200
1106	9	9	1.71	1	0:00:01.655303
1107	7	7	0.976	1	0:00:01.655246
1108	2	2	0.451	1	0:00:01.659984
1109	0	8	0.621	0	0:00:01.652775
1110	2	2	1.91	1	0:00:01.657204
1111	8	8	0.879	1	0:00:01.657564
1112	3	3	0.972	1	0:00:01.657387
1113	8	8	1.16	1	0:00:01.659708
1114	9	9	0.681	1	0:00:01.662665
1115	1	1	1.31	1	0:00:01.659963
1116	5	5	0.0784	1	0:00:01.657337
1117	5	5	0.351	1	0:00:01.661852
1118	4	4	0.15	1	0:00:01.663230
1119	7	7	1.37	1	0:00:01.664235
1120	5	-1	0.0	0	0:00:01.660263
1121	3	3	0.838	1	0:00:01.659732
1122	8	8	0.499	1	0:00:01.661161
1123	3	-1	0.0	0	0:00:01.663072
1124	3	2	0.166	0	0:00:01.660396
1125	6	6	0.508	1	0:00:01.655213
1126	2	2	0.0593	1	0:00:01.658268
1127	8	8	1.38	1	0:00:01.661809
1128	4	-1	0.0	0	0:00:01.658204
1129	3	3	0.138	1	0:00:01.660328
1130	7	-1	0.0	0	0:00:01.663456
1131	1	9	0.81	0	0:00:01.659057
1132	2	9	0.0434	0	0:00:01.659173
1133	4	-1	0.0	0	0:00:01.660858
1134	1	-1	0.0	0	0:00:01.660254
1135	6	6	0.262	1	0:00:01.658824
1136	9	1	0.157	0	0:00:01.658782
1137	0	-1	0.0	0	0:00:01.660358
1138	5	6	0.00264	0	0:00:01.661169
1139	8	8	1.75	1	0:00:01.656523
1140	6	6	0.458	1	0:00:01.660855
1141	1	1	0.698	1	0:00:01.662316
1142	8	8	1.01	1	0:00:01.659595
1143	6	6	1.91	1	0:00:01.655840
1144	1	-1	0.0	0	0:00:01.660674
1145	4	-1	0.0	0	0:00:01.662225
1146	2	4	0.0736	0	0:00:01.659340
1147	6	-1	0.0	0	0:00:01.659166
1148	2	2	0.509	1	0:00:01.659152
1149	7	-1	0.0	0	0:00:01.662309
1150	2	7	0.177	0	0:00:01.657612
1151	2	2	0.397	1	0:00:01.660780
1152	0	-1	0.0	0	0:00:01.665217
1153	8	8	0.483	1	0:00:01.661147
1154	6	6	0.338	1	0:00:01.658512
1155	9	1	0.0497	0	0:00:01.658494
1156	1	-1	0.0	0	0:00:01.662843
1157	7	7	0.862	1	0:00:01.659745
1158	1	1	0.289	1	0:00:01.660167
1159	8	8	0.383	1	0:00:01.660820
1160	8	-1	0.0	0	0:00:01.661249
1161	0	0	0.421	1	0:00:01.659142
1162	7	7	1.32	1	0:00:01.662730
1163	3	7	0.184	0	0:00:01.663515
1164	8	8	0.957	1	0:00:01.656838
1165	0	0	1.12	1	0:00:01.659391
1166	3	3	0.000826	1	0:00:01.662565
1167	4	2	1.3	0	0:00:01.660616
1168	3	-1	0.0	0	0:00:01.659853
1169	7	7	1.09	1	0:00:01.659104
1170	7	7	1.38	1	0:00:01.658174
1171	9	9	1.91	1	0:00:01.663666
1172	2	3	0.607	0	0:00:01.657356
1173	3	3	0.18	1	0:00:01.655590
1174	1	1	1.91	1	0:00:01.662641
1175	9	9	0.888	1	0:00:01.663072
1176	1	1	0.288	1	0:00:01.662107
1177	9	9	0.737	1	0:00:01.654228
1178	6	2	0.105	0	0:00:01.660902
1179	3	3	0.35	1	0:00:01.661685
1180	3	3	0.337	1	0:00:01.656940
1181	3	6	0.361	0	0:00:01.659423
1182	1	1	0.301	1	0:00:01.662693
1183	0	0	1.42	1	0:00:01.660119
1184	6	6	1.0	1	0:00:01.658395
1185	1	1	0.671	1	0:00:01.659207
1186	4	4	0.639	1	0:00:01.661312
1187	1	1	0.0472	1	0:00:01.658876
1188	0	0	0.366	1	0:00:01.656713
1189	0	0	0.415	1	0:00:01.660482
1190	1	1	1.02	1	0:00:01.663141
1191	1	1	0.683	1	0:00:01.658314
1192	6	2	0.0856	0	0:00:01.660302
1193	5	5	0.0982	1	0:00:01.661580
1194	4	4	0.676	1	0:00:01.657042
1195	6	6	1.11	1	0:00:01.655401
1196	2	2	0.394	1	0:00:01.659719
1197	0	0	0.764	1	0:00:01.660455
1198	7	7	1.8	1	0:00:01.659317
1199	9	9	0.255	1	0:00:01.660346
1200	8	8	0.509	1	0:00:01.661107
1201	7	7	1.27	1	0:00:01.660125
1202	2	5	0.198	0	0:00:01.663277
1203	0	0	0.588	1	0:00:01.659225
1204	6	6	0.523	1	0:00:01.660774
1205	8	8	0.817	1	0:00:01.655184
1206	1	1	1.91	1	0:00:01.660296
1207	4	8	0.46	0	0:00:01.662906
1208	3	-1	0.0	0	0:00:01.659430
1209	7	7	0.541	1	0:00:01.658288
1210	0	0	1.05	1	0:00:01.661873
1211	6	-1	0.0	0	0:00:01.665185
1212	1	1	1.27	1	0:00:01.655626
1213	8	8	1.17	1	0:00:01.654344
1214	5	5	1.27	1	0:00:01.659322
1215	7	7	1.8	1	0:00:01.659608
1216	8	8	0.162	1	0:00:01.656569
1217	4	4	0.319	1	0:00:01.660727
1218	8	8	0.206	1	0:00:01.658332
1219	3	5	0.34	0	0:00:01.656413
1220	9	-1	0.0	0	0:00:01.660858
1221	9	9	0.119	1	0:00:01.662490
1222	9	9	1.12e-05	1	0:00:01.659867
1223	8	0	0.579	0	0:00:01.655557
1224	7	-1	0.0	0	0:00:01.661188
1225	6	6	0.977	1	0:00:01.660386
1226	6	6	0.121	1	0:00:01.659087
1227	3	-1	0.0	0	0:00:01.657174
1228	5	-1	0.0	0	0:00:01.663613
1229	1	1	1.68	1	0:00:01.662363
1230	5	3	0.32	0	0:00:01.655710
1231	9	9	0.619	1	0:00:01.662132
1232	1	1	1.15	1	0:00:01.661695
1233	4	4	0.49	1	0:00:01.657779
1234	1	1	0.894	1	0:00:01.656979
1235	5	5	0.155	1	0:00:01.663753
1236	7	-1	0.0	0	0:00:01.663398
1237	0	0	1.14	1	0:00:01.659028
1238	1	1	1.91	1	0:00:01.661506
1239	5	5	0.511	1	0:00:01.663243
1240	2	-1	0.0	0	0:00:01.659044
1241	0	0	0.58	1	0:00:01.658166
1242	8	-1	0.0	0	0:00:01.661310
1243	8	8	1.24	1	0:00:01.659836
1244	5	3	0.586	0	0:00:01.664972
1245	6	3	0.548	0	0:00:01.658664
1246	7	9	0.164	0	0:00:01.660158
1247	3	5	0.0567	0	0:00:01.660634
1248	2	-1	0.0	0	0:00:01.661339
1249	4	4	0.0589	1	0:00:01.659743
1250	7	7	0.701	1	0:00:01.657927
1251	2	-1	0.0	0	0:00:01.663121
1252	5	5	1.18	1	0:00:01.663828
1253	8	8	0.539	1	0:00:01.661874
1254	2	2	1.09	1	0:00:01.658879
1255	4	4	0.125	1	0:00:01.660712
1256	9	8	0.486	0	0:00:01.661901
1257	2	-1	0.0	0	0:00:01.661533
1258	1	1	0.462	1	0:00:01.662490
1259	8	8	0.629	1	0:00:01.659460
1260	1	1	0.493	1	0:00:01.662409
1261	9	9	0.0684	1	0:00:01.659186
1262	8	8	1.16	1	0:00:01.658151
1263	8	-1	0.0	0	0:00:01.660171
1264	8	8	1.01	1	0:00:01.662866
1265	9	-1	0.0	0	0:00:01.665389
1266	0	8	0.687	0	0:00:01.660424
1267	4	4	0.49	1	0:00:01.661704
1268	3	-1	0.0	0	0:00:01.665004
1269	3	3	1.15	1	0:00:01.660913
1270	1	9	0.194	0	0:00:01.656339
1271	8	8	1.36	1	0:00:01.659898
1272	4	7	1.01	0	0:00:01.659997
1273	6	6	0.407	1	0:00:01.658585
1274	3	-1	0.0	0	0:00:01.658912
1275	3	3	0.387	1	0:00:01.662665
1276	5	5	1.02	1	0:00:01.662450
1277	2	2	0.232	1	0:00:01.656113
1278	2	2	0.682	1	0:00:01.657725
1279	8	8	0.402	1	0:00:01.659634
1280	3	5	0.137	0	0:00:01.660163
1281	8	8	1.48	1	0:00:01.657792
1282	9	0	0.203	0	0:00:01.658762
1283	5	5	0.658	1	0:00:01.660412
1284	8	8	0.217	1	0:00:01.656922
1285	9	-1	0.0	0	0:00:01.662604
1286	8	8	0.238	1	0:00:01.662139
1287	9	9	0.117	1	0:00:01.658270
1288	1	1	1.49	1	0:00:01.660129
1289	6	6	0.997	1	0:00:01.662123
1290	5	5	0.402	1	0:00:01.661053
1291	9	9	0.486	1	0:00:01.657722
1292	4	6	0.205	0	0:00:01.656028
1293	4	-1	0.0	0	0:00:01.662839
1294	8	8	0.0525	1	0:00:01.662837
1295	0	0	0.858	1	0:00:01.655147
1296	7	7	0.551	1	0:00:01.659189
1297	2	2	0.0883	1	0:00:01.657791
1298	9	9	1.55	1	0:00:01.657554
1299	7	-1	0.0	0	0:00:01.658611
1300	4	3	0.349	0	0:00:01.657793
1301	1	1	1.8	1	0:00:01.658221
1302	6	-1	0.0	0	0:00:01.655008
1303	4	3	0.415	0	0:00:01.658272
1304	4	0	0.115	0	0:00:01.659353
1305	9	9	1.15	1	0:00:01.658858
1306	1	8	0.0538	0	0:00:01.659491
1307	2	0	0.742	0	0:00:01.651857
1308	5	-1	0.0	0	0:00:01.656019
1309	6	6	0.324	1	0:00:01.661245
1310	0	0	1.91	1	0:00:01.659499
1311	8	8	1.44	1	0:00:01.659660
1312	6	6	0.668	1	0:00:01.657021
1313	1	1	1.23	1	0:00:01.658745
1314	9	9	1.01	1	0:00:01.656868
1315	4	4	0.507	1	0:00:01.654181
1316	5	5	0.953	1	0:00:01.660058
1317	9	9	1.91	1	0:00:01.661369
1318	5	5	0.18	1	0:00:01.661602
1319	0	0	0.741	1	0:00:01.654350
1320	7	2	0.197	0	0:00:01.659729
1321	2	3	0.869	0	0:00:01.656898
1322	0	0	0.967	1	0:00:01.655162
1323	0	8	0.377	0	0:00:01.658835
1324	4	4	0.633	1	0:00:01.661927
1325	2	4	0.122	0	0:00:01.658907
1326	6	6	0.234	1	0:00:01.657812
1327	6	6	1.91	1	0:00:01.658664
1328	5	-1	0.0	0	0:00:01.661270
1329	5	7	0.0496	0	0:00:01.657527
1330	2	-1	0.0	0	0:00:01.655559
1331	8	8	1.91	1	0:00:01.660474
1332	1	1	0.59	1	0:00:01.658210
1333	7	-1	0.0	0	0:00:01.654712
1334	3	2	0.232	0	0:00:01.659650
1335	1	1	1.75	1	0:00:01.656147
1336	4	4	0.388	1	0:00:01.653715
1337	5	3	0.208	0	0:00:01.658381
1338	6	6	0.784	1	0:00:01.660399
1339	5	3	0.543	0	0:00:01.657634
1340	1	1	1.91	1	0:00:01.660343
1341	4	-1	0.0	0	0:00:01.661230
1342	7	-1	0.0	0	0:00:01.660493
1343	0	0	0.901	1	0:00:01.657598
1344	9	9	0.203	1	0:00:01.659132
1345	4	4	0.166	1	0:00:01.658966
1346	3	-1	0.0	0	0:00:01.657653
1347	8	8	1.91	1	0:00:01.658338
1348	2	-1	0.0	0	0:00:01.661525
1349	8	8	1.26	1	0:00:01.660226
1350	4	-1	0.0	0	0:00:01.657938
1351	7	7	1.34	1	0:00:01.658490
1352	2	-1	0.0	0	0:00:01.662184
1353	3	-1	0.0	0	0:00:01.658771
1354	1	1	1.64	1	0:00:01.660257
1355	5	9	0.387	0	0:00:01.660917
1356	2	-1	0.0	0	0:00:01.659236
1357	9	-1	0.0	0	0:00:01.657128
1358	8	8	1.25	1	0:00:01.660328
1359	9	9	1.31	1	0:00:01.664042
1360	7	7	0.476	1	0:00:01.657368
1361	9	9	1.19	1	0:00:01.655094
1362	5	5	0.145	1	0:00:01.659678
1363	1	1	1.42	1	0:00:01.662399
1364	4	4	1.17	1	0:00:01.657463
1365	0	0	1.39	1	0:00:01.655287
1366	8	8	1.41	1	0:00:01.658702
1367	2	2	0.175	1	0:00:01.662651
1368	3	3	0.971	1	0:00:01.656164
1369	8	8	0.891	1	0:00:01.659630
1370	9	9	0.164	1	0:00:01.660244
1371	1	1	1.6	1	0:00:01.656067
1372	1	3	0.031	0	0:00:01.657749
1373	3	-1	0.0	0	0:00:01.662281
1374	2	0	0.542	0	0:00:01.656828
1375	4	4	1.91	1	0:00:01.654278
1376	9	9	0.448	1	0:00:01.661290
1377	3	-1	0.0	0	0:00:01.661218
1378	1	1	0.769	1	0:00:01.655715
1379	7	7	0.611	1	0:00:01.660237
1380	4	5	0.44	0	0:00:01.662775
1381	6	6	0.459	1	0:00:01.661607
1382	2	0	0.189	0	0:00:01.654155
1383	8	-1	0.0	0	0:00:01.659538
1384	9	9	0.789	1	0:00:01.661348
1385	5	5	0.108	1	0:00:01.662127
1386	3	3	0.998	1	0:00:01.658707
1387	9	9	1.91	1	0:00:01.657074
1388	5	3	0.0683	0	0:00:01.659754
1389	5	-1	0.0	0	0:00:01.663440
1390	6	6	0.497	1	0:00:01.659791
1391	7	4	0.046	0	0:00:01.659250
1392	2	2	1.18	1	0:00:01.661391
1393	4	-1	0.0	0	0:00:01.662617
1394	6	-1	0.0	0	0:00:01.656130
1395	3	-1	0.0	0	0:00:01.658123
1396	1	1	0.179	1	0:00:01.661369
1397	0	0	0.523	1	0:00:01.656521
1398	7	0	0.0157	0	0:00:01.658237
1399	2	0	0.873	0	0:00:01.655440
1400	5	3	0.339	0	0:00:01.658944
1401	4	-1	0.0	0	0:00:01.658113
1402	7	7	0.394	1	0:00:01.659935
1403	6	4	0.164	0	0:00:01.661130
1404	1	1	0.877	1	0:00:01.659772
1405	1	1	0.375	1	0:00:01.659996
1406	9	9	1.11	1	0:00:01.660147
1407	8	8	0.817	1	0:00:01.661337
1408	1	1	1.19	1	0:00:01.657124
1409	0	0	0.522	1	0:00:01.656391
1410	1	1	1.91	1	0:00:01.659695
1411	3	2	0.07	0	0:00:01.663500
1412	1	1	1.61	1	0:00:01.660082
1413	1	1	0.765	1	0:00:01.657613
1414	1	1	1.41	1	0:00:01.660078
1415	7	7	0.469	1	0:00:01.659544
1416	3	3	0.434	1	0:00:01.654051
1417	9	9	0.817	1	0:00:01.655767
1418	6	2	0.183	0	0:00:01.663096
1419	8	8	1.75	1	0:00:01.661996
1420	4	7	0.257	0	0:00:01.657677
1421	6	6	0.975	1	0:00:01.657308
1422	8	0	0.0365	0	0:00:01.662709
1423	4	4	0.763	1	0:00:01.661057
1424	9	9	0.966	1	0:00:01.664678
1425	4	4	0.613	1	0:00:01.656618
1426	7	7	1.08	1	0:00:01.660862
1427	9	9	1.16	1	0:00:01.659394
1428	7	7	0.562	1	0:00:01.658851
1429	6	3	0.292	0	0:00:01.654654
1430	8	8	0.0188	1	0:00:01.658526
1431	4	4	0.295	1	0:00:01.657685
1432	9	9	1.91	1	0:00:01.651508
1433	7	7	0.65	1	0:00:01.657429
1434	0	0	0.34	1	0:00:01.659846
1435	1	1	1.91	1	0:00:01.657412
1436	6	6	1.33	1	0:00:01.661967
1437	1	-1	0.0	0	0:00:01.660710
1438	5	-1	0.0	0	0:00:01.656688
1439	9	9	0.403	1	0:00:01.657399
1440	0	8	0.11	0	0:00:01.660136
1441	4	4	0.726	1	0:00:01.657185
1442	3	-1	0.0	0	0:00:01.657240
1443	4	4	0.58	1	0:00:01.660958
1444	1	1	1.44	1	0:00:01.662013
1445	3	3	0.633	1	0:00:01.655386
1446	0	0	0.63	1	0:00:01.659369
1447	8	8	0.601	1	0:00:01.660479
1448	4	4	0.102	1	0:00:01.658202
1449	6	6	1.53	1	0:00:01.659936
1450	2	6	0.0913	0	0:00:01.659345
1451	2	2	0.423	1	0:00:01.666230
1452	6	3	0.112	0	0:00:01.658104
1453	5	5	0.771	1	0:00:01.658274
1454	3	5	0.0696	0	0:00:01.662287
1455	6	6	0.805	1	0:00:01.658985
1456	2	4	0.0684	0	0:00:01.659115
1457	1	1	1.39	1	0:00:01.659768
1458	1	1	0.947	1	0:00:01.662446
1459	8	-1	0.0	0	0:00:01.662656
1460	6	6	0.943	1	0:00:01.660264
1461	0	0	1.42	1	0:00:01.653308
1462	4	-1	0.0	0	0:00:01.659953
1463	0	0	0.969	1	0:00:01.660630
1464	1	1	0.23	1	0:00:01.659765
1465	9	9	0.46	1	0:00:01.659854
1466	7	7	1.91	1	0:00:01.657093
1467	1	1	1.08	1	0:00:01.659379
1468	3	5	0.3	0	0:00:01.653318
1469	7	7	1.91	1	0:00:01.658341
1470	7	5	0.0548	0	0:00:01.655131
1471	8	8	0.236	1	0:00:01.653687
1472	7	7	0.501	1	0:00:01.659305
1473	7	7	1.91	1	0:00:01.660448
1474	3	3	0.247	1	0:00:01.654706
1475	9	9	1.49	1	0:00:01.658838
1476	7	7	1.33	1	0:00:01.657624
1477	7	5	0.117	0	0:00:01.655152
1478	7	7	0.299	1	0:00:01.658444
1479	2	2	0.206	1	0:00:01.661170
1480	1	1	0.526	1	0:00:01.660394
1481	2	2	1.75	1	0:00:01.655748
1482	8	8	0.231	1	0:00:01.658186
1483	6	6	1.09	1	0:00:01.661786
1484	4	2	0.0326	0	0:00:01.655187
1485	0	0	0.899	1	0:00:01.653825
1486	7	7	1.34	1	0:00:01.658051
1487	9	9	0.335	1	0:00:01.654403
1488	8	8	0.572	1	0:00:01.656987
1489	6	6	0.0179	1	0:00:01.660069
1490	8	8	1.71	1	0:00:01.656206
1491	4	6	0.0125	0	0:00:01.658262
1492	9	-1	0.0	0	0:00:01.658730
1493	1	-1	0.0	0	0:00:01.657876
1494	7	-1	0.0	0	0:00:01.651387
1495	2	2	0.207	1	0:00:01.659047
1496	2	2	0.303	1	0:00:01.654824
1497	8	8	1.42	1	0:00:01.654315
1498	5	3	1.91	0	0:00:01.658171
1499	8	8	0.119	1	0:00:01.658200
1500	1	1	0.788	1	0:00:01.655428
1501	2	-1	0.0	0	0:00:01.655648
1502	2	-1	0.0	0	0:00:01.656915
1503	4	-1	0.0	0	0:00:01.654078
1504	1	-1	0.0	0	0:00:01.656751
1505	2	-1	0.0	0	0:00:01.661126
1506	5	7	0.466	0	0:00:01.658702
1507	2	-1	0.0	0	0:00:01.655805
1508	8	8	1.07	1	0:00:01.655087
1509	1	1	0.266	1	0:00:01.661549
1510	8	6	0.333	0	0:00:01.654504
1511	1	1	1.91	1	0:00:01.654435
1512	8	8	0.577	1	0:00:01.660629
1513	6	-1	0.0	0	0:00:01.658862
1514	0	-1	0.0	0	0:00:01.657339
1515	2	2	0.56	1	0:00:01.661127
1516	4	4	0.0889	1	0:00:01.660830
1517	1	1	0.727	1	0:00:01.657208
1518	3	-1	0.0	0	0:00:01.656954
1519	6	6	1.01	1	0:00:01.657112
1520	7	7	1.08	1	0:00:01.658195
1521	7	7	0.15	1	0:00:01.655423
1522	4	4	0.531	1	0:00:01.657764
1523	4	4	1.08	1	0:00:01.660725
1524	3	3	0.659	1	0:00:01.657564
1525	3	5	0.146	0	0:00:01.658214
1526	4	-1	0.0	0	0:00:01.659487
1527	5	-1	0.0	0	0:00:01.660980
1528	2	2	1.91	1	0:00:01.650085
1529	4	-1	0.0	0	0:00:01.655816
1530	3	3	0.421	1	0:00:01.657144
1531	7	7	0.292	1	0:00:01.654027
1532	8	0	0.523	0	0:00:01.657365
1533	4	4	1.06	1	0:00:01.659528
1534	4	4	0.597	1	0:00:01.656562
1535	4	2	0.608	0	0:00:01.656816
1536	5	3	0.34	0	0:00:01.660805
1537	4	4	0.193	1	0:00:01.656473
1538	3	3	0.272	1	0:00:01.653976
1539	2	-1	0.0	0	0:00:01.657562
1540	8	8	1.18	1	0:00:01.655319
1541	4	4	0.497	1	0:00:01.653246
1542	5	5	0.964	1	0:00:01.662249
1543	5	5	0.175	1	0:00:01.655096
1544	4	4	0.907	1	0:00:01.654269
1545	1	9	0.379	0	0:00:01.658823
1546	4	4	0.723	1	0:00:01.661091
1547	2	2	0.0908	1	0:00:01.653930
1548	5	5	0.408	1	0:00:01.656884
1549	1	1	0.557	1	0:00:01.659851
1550	6	6	0.592	1	0:00:01.656406
1551	4	2	0.052	0	0:00:01.654873
1552	3	3	0.117	1	0:00:01.661913
1553	4	4	0.143	1	0:00:01.656032
1554	4	6	0.0469	0	0:00:01.655343
1555	0	0	0.507	1	0:00:01.660122
1556	8	8	1.18	1	0:00:01.661675
1557	8	8	1.14	1	0:00:01.655354
1558	4	4	0.613	1	0:00:01.653826
1559	5	5	0.737	1	0:00:01.656113
1560	7	7	1.91	1	0:00:01.652443
1561	5	5	1.46	1	0:00:01.656743
1562	6	6	1.75	1	0:00:01.660785
1563	9	9	1.91	1	0:00:01.653313
1564	1	1	0.641	1	0:00:01.656897
1565	6	6	0.66	1	0:00:01.660625
1566	7	7	0.524	1	0:00:01.653836
1567	2	2	1.91	1	0:00:01.653224
1568	0	0	0.215	1	0:00:01.657132
1569	1	1	0.785	1	0:00:01.654479
1570	4	4	0.0105	1	0:00:01.657412
1571	5	-1	0.0	0	0:00:01.658552
1572	6	2	0.248	0	0:00:01.657187
1573	0	0	0.282	1	0:00:01.655034
1574	0	8	0.0594	0	0:00:01.655677
1575	2	2	0.325	1	0:00:01.655711
1576	7	6	0.0902	0	0:00:01.657737
1577	5	-1	0.0	0	0:00:01.659671
1578	6	6	0.575	1	0:00:01.659299
1579	0	0	1.55	1	0:00:01.652912
1580	6	1	0.759	0	0:00:01.656393
1581	2	9	0.039	0	0:00:01.655765
1582	9	9	1.31	1	0:00:01.652887
1583	1	-1	0.0	0	0:00:01.654841
1584	7	-1	0.0	0	0:00:01.658612
1585	7	7	1.8	1	0:00:01.649480
1586	5	-1	0.0	0	0:00:01.654630
1587	2	0	0.69	0	0:00:01.653209
1588	5	5	0.414	1	0:00:01.654004
1589	6	6	1.43	1	0:00:01.658706
1590	4	2	0.0665	0	0:00:01.657312
1591	1	1	1.91	1	0:00:01.651410
1592	4	4	0.559	1	0:00:01.656711
1593	3	3	0.222	1	0:00:01.657489
1594	3	3	0.556	1	0:00:01.656893
1595	3	6	0.334	0	0:00:01.653547
1596	0	0	0.741	1	0:00:01.658804
1597	3	-1	0.0	0	0:00:01.658558
1598	5	5	0.0928	1	0:00:01.657342
1599	5	5	0.513	1	0:00:01.657198
1600	8	9	0.483	0	0:00:01.659569
1601	9	9	0.0173	1	0:00:01.658872
1602	7	7	0.0559	1	0:00:01.655030
1603	3	3	0.653	1	0:00:01.657397
1604	1	1	1.45	1	0:00:01.655116
1605	3	2	0.309	0	0:00:01.654368
1606	3	3	0.118	1	0:00:01.659363
1607	3	3	0.276	1	0:00:01.656488
1608	4	4	0.957	1	0:00:01.654820
1609	4	4	0.217	1	0:00:01.657344
1610	2	-1	0.0	0	0:00:01.657138
1611	3	3	0.765	1	0:00:01.653227
1612	3	-1	0.0	0	0:00:01.653043
1613	8	-1	0.0	0	0:00:01.655646
1614	1	1	1.91	1	0:00:01.656036
1615	7	7	1.24	1	0:00:01.656096
1616	7	7	0.568	1	0:00:01.659474
1617	0	0	1.75	1	0:00:01.649091
1618	7	8	0.699	0	0:00:01.658943
1619	4	4	0.319	1	0:00:01.657675
1620	5	8	0.4	0	0:00:01.655904
1621	1	1	0.985	1	0:00:01.660831
1622	4	2	0.431	0	0:00:01.661693
1623	2	-1	0.0	0	0:00:01.660224
1624	4	-1	0.0	0	0:00:01.652027
1625	3	3	0.65	1	0:00:01.659560
1626	9	-1	0.0	0	0:00:01.659859
1627	9	9	1.75	1	0:00:01.651180
1628	4	2	0.0169	0	0:00:01.658636
1629	9	9	0.611	1	0:00:01.651332
1630	9	9	0.751	1	0:00:01.656088
1631	1	1	1.24	1	0:00:01.655205
1632	8	8	1.14	1	0:00:01.657465
1633	1	8	0.0906	0	0:00:01.654912
1634	6	6	1.03	1	0:00:01.657114
1635	7	7	0.486	1	0:00:01.659022
1636	5	-1	0.0	0	0:00:01.658908
1637	5	3	0.275	0	0:00:01.657775
1638	4	4	0.023	1	0:00:01.656760
1639	9	9	1.26	1	0:00:01.655194
1640	7	7	0.0495	1	0:00:01.655037
1641	6	6	0.0725	1	0:00:01.657527
1642	5	-1	0.0	0	0:00:01.654989
1643	9	9	0.882	1	0:00:01.655888
1644	2	-1	0.0	0	0:00:01.659620
1645	4	4	0.956	1	0:00:01.658748
1646	0	0	1.25	1	0:00:01.652303
1647	7	7	0.863	1	0:00:01.659709
1648	8	8	0.562	1	0:00:01.661579
1649	5	5	0.265	1	0:00:01.655366
1650	5	5	0.932	1	0:00:01.659250
1651	0	2	0.268	0	0:00:01.650370
1652	0	0	1.66	1	0:00:01.656844
1653	9	-1	0.0	0	0:00:01.656250
1654	9	9	1.29	1	0:00:01.656912
1655	8	8	1.09	1	0:00:01.657071
1656	2	-1	0.0	0	0:00:01.656840
1657	5	5	0.466	1	0:00:01.658636
1658	4	0	0.333	0	0:00:01.661060
1659	8	8	1.64	1	0:00:01.655925
1660	3	3	0.852	1	0:00:01.658177
1661	6	-1	0.0	0	0:00:01.662121
1662	3	0	0.165	0	0:00:01.661151
1663	6	2	0.167	0	0:00:01.657518
1664	0	0	1.18	1	0:00:01.650954
1665	6	6	1.17	1	0:00:01.658035
1666	6	-1	0.0	0	0:00:01.655055
1667	6	6	0.128	1	0:00:01.657775
1668	9	9	0.294	1	0:00:01.658452
1669	6	6	0.394	1	0:00:01.655459
1670	6	4	0.285	0	0:00:01.656377
1671	8	8	1.91	1	0:00:01.660002
1672	6	6	0.187	1	0:00:01.663108
1673	2	6	0.325	0	0:00:01.654782
1674	4	4	0.121	1	0:00:01.657693
1675	5	3	0.213	0	0:00:01.657745
1676	8	8	0.76	1	0:00:01.652374
1677	1	1	1.8	1	0:00:01.653886
1678	2	2	0.422	1	0:00:01.660632
1679	7	7	1.32	1	0:00:01.656354
1680	6	6	1.15	1	0:00:01.658401
1681	5	6	0.414	0	0:00:01.659119
1682	7	7	1.8	1	0:00:01.655828
1683	8	0	0.0446	0	0:00:01.655648
1684	1	9	0.569	0	0:00:01.660758
1685	8	6	0.0658	0	0:00:01.658704
1686	0	8	0.36	0	0:00:01.657706
1687	8	9	0.838	0	0:00:01.656533
1688	6	6	0.0905	1	0:00:01.661074
1689	9	-1	0.0	0	0:00:01.658484
1690	2	-1	0.0	0	0:00:01.653726
1691	8	8	1.2	1	0:00:01.655019
1692	9	-1	0.0	0	0:00:01.654159
1693	4	0	0.3	0	0:00:01.656934
1694	0	0	1.91	1	0:00:01.655036
1695	9	9	0.894	1	0:00:01.662681
1696	4	4	0.279	1	0:00:01.656048
1697	9	9	0.146	1	0:00:01.659658
1698	5	5	0.275	1	0:00:01.660251
1699	7	7	0.322	1	0:00:01.655976
1700	5	5	0.179	1	0:00:01.657039
1701	5	2	0.0849	0	0:00:01.661207
1702	9	9	0.0839	1	0:00:01.659276
1703	5	5	0.43	1	0:00:01.655115
1704	3	3	0.328	1	0:00:01.656407
1705	0	0	1.91	1	0:00:01.661175
1706	1	1	1.53	1	0:00:01.656666
1707	9	9	1.04	1	0:00:01.659921
1708	7	7	0.782	1	0:00:01.659767
1709	2	-1	0.0	0	0:00:01.656528
1710	4	-1	0.0	0	0:00:01.653154
1711	1	1	1.71	1	0:00:01.659748
1712	0	0	1.91	1	0:00:01.656242
1713	8	9	0.499	0	0:00:01.656414
1714	0	0	1.03	1	0:00:01.656777
1715	3	-1	0.0	0	0:00:01.660242
1716	1	1	0.54	1	0:00:01.663494
1717	7	7	0.749	1	0:00:01.658610
1718	0	8	1.36	0	0:00:01.658274
1719	0	0	0.892	1	0:00:01.660072
1720	4	3	0.314	0	0:00:01.660326
1721	8	8	0.323	1	0:00:01.654420
1722	6	6	0.603	1	0:00:01.659365
1723	2	7	0.389	0	0:00:01.656664
1724	4	2	0.436	0	0:00:01.656600
1725	0	0	1.75	1	0:00:01.656973
1726	0	0	1.5	1	0:00:01.657200
1727	9	8	0.248	0	0:00:01.657370
1728	0	0	0.0981	1	0:00:01.661320
1729	8	8	1.91	1	0:00:01.661281
1730	4	-1	0.0	0	0:00:01.658124
1731	5	6	0.772	0	0:00:01.659516
1732	9	1	0.0814	0	0:00:01.657210
1733	3	3	0.948	1	0:00:01.660879
1734	9	9	1.8	1	0:00:01.654026
1735	0	0	0.749	1	0:00:01.659349
1736	5	-1	0.0	0	0:00:01.660405
1737	6	3	0.161	0	0:00:01.657749
1738	5	3	0.805	0	0:00:01.655140
1739	0	-1	0.0	0	0:00:01.664507
1740	1	1	0.248	1	0:00:01.658620
1741	4	-1	0.0	0	0:00:01.657477
1742	8	8	1.36	1	0:00:01.657861
1743	1	1	1.91	1	0:00:01.660496
1744	0	0	1.53	1	0:00:01.662129
1745	5	5	0.962	1	0:00:01.658960
1746	2	-1	0.0	0	0:00:01.658633
1747	1	1	0.468	1	0:00:01.662530
1748	0	0	1.09	1	0:00:01.657289
1749	2	-1	0.0	0	0:00:01.661007
1750	8	8	0.743	1	0:00:01.653949
1751	1	1	1.23	1	0:00:01.662849
1752	5	2	1.15	0	0:00:01.659303
1753	6	6	0.0755	1	0:00:01.657714
1754	7	7	1.46	1	0:00:01.660253
1755	7	7	1.52	1	0:00:01.659498
1756	2	-1	0.0	0	0:00:01.663282
1757	6	6	0.59	1	0:00:01.656235
1758	2	2	0.844	1	0:00:01.658866
1759	5	5	0.329	1	0:00:01.660491
1760	0	0	0.0375	1	0:00:01.658145
1761	1	1	1.55	1	0:00:01.659255
1762	4	4	0.417	1	0:00:01.658409
1763	2	2	1.1	1	0:00:01.655671
1764	5	-1	0.0	0	0:00:01.658773
1765	4	6	0.27	0	0:00:01.660800
1766	6	-1	0.0	0	0:00:01.658347
1767	2	4	1.06	0	0:00:01.656765
1768	2	2	1.26	1	0:00:01.658516
1769	1	-1	0.0	0	0:00:01.660604
1770	7	7	0.238	1	0:00:01.655882
1771	2	2	0.351	1	0:00:01.659163
1772	8	-1	0.0	0	0:00:01.662188
1773	5	-1	0.0	0	0:00:01.660439
1774	5	-1	0.0	0	0:00:01.655408
1775	3	3	0.879	1	0:00:01.659775
1776	0	0	1.16	1	0:00:01.660506
1777	4	4	1.18	1	0:00:01.656771
1778	8	8	0.458	1	0:00:01.653123
1779	3	3	0.546	1	0:00:01.658187
1780	7	7	0.532	1	0:00:01.659480
1781	6	6	1.27	1	0:00:01.651071
1782	3	-1	0.0	0	0:00:01.658541
1783	8	8	0.846	1	0:00:01.659417
1784	1	1	1.14	1	0:00:01.659116
1785	0	2	0.148	0	0:00:01.658088
1786	1	1	0.835	1	0:00:01.658676
1787	3	-1	0.0	0	0:00:01.656111
1788	3	4	0.0504	0	0:00:01.658038
1789	0	0	0.401	1	0:00:01.661600
1790	7	5	0.608	0	0:00:01.663016
1791	4	6	0.0567	0	0:00:01.659693
1792	9	9	1.91	1	0:00:01.657132
1793	5	5	1.13	1	0:00:01.661558
1794	3	-1	0.0	0	0:00:01.661687
1795	6	6	0.516	1	0:00:01.657636
1796	0	0	1.91	1	0:00:01.659567
1797	1	1	0.647	1	0:00:01.660754
1798	4	-1	0.0	0	0:00:01.663489
1799	4	-1	0.0	0	0:00:01.659405
1800	4	4	0.0597	1	0:00:01.660245
1801	4	4	1.15	1	0:00:01.659862
1802	2	-1	0.0	0	0:00:01.661496
1803	2	6	0.173	0	0:00:01.659621
1804	5	3	0.181	0	0:00:01.659446
1805	8	8	0.683	1	0:00:01.660637
1806	1	1	0.221	1	0:00:01.657455
1807	5	-1	0.0	0	0:00:01.655546
1808	9	1	0.137	0	0:00:01.660159
1809	8	8	0.531	1	0:00:01.660131
1810	1	8	0.112	0	0:00:01.657989
1811	1	-1	0.0	0	0:00:01.659376
1812	5	7	0.262	0	0:00:01.661041
1813	3	5	0.664	0	0:00:01.661040
1814	9	9	0.83	1	0:00:01.657454
1815	9	9	1.14	1	0:00:01.658604
1816	7	-1	0.0	0	0:00:01.660950
1817	6	6	0.326	1	0:00:01.658960
1818	5	5	0.0996	1	0:00:01.656459
1819	0	0	0.912	1	0:00:01.660014
1820	8	8	0.309	1	0:00:01.658228
1821	4	-1	0.0	0	0:00:01.654615
1822	7	-1	0.0	0	0:00:01.660279
1823	0	-1	0.0	0	0:00:01.660748
1824	9	9	1.13	1	0:00:01.661098
1825	2	2	1.28	1	0:00:01.654326
1826	8	8	1.09	1	0:00:01.659405
1827	4	4	0.379	1	0:00:01.657849
1828	7	-1	0.0	0	0:00:01.655100
1829	1	-1	0.0	0	0:00:01.658845
1830	3	-1	0.0	0	0:00:01.659763
1831	9	9	0.319	1	0:00:01.655972
1832	6	-1	0.0	0	0:00:01.656484
1833	8	8	1.36	1	0:00:01.656879
1834	9	-1	0.0	0	0:00:01.656683
1835	0	4	0.31	0	0:00:01.657718
1836	4	2	0.000137	0	0:00:01.660679
1837	9	-1	0.0	0	0:00:01.656279
1838	6	-1	0.0	0	0:00:01.655421
1839	7	7	1.91	1	0:00:01.657748
1840	8	-1	0.0	0	0:00:01.661172
1841	9	8	0.126	0	0:00:01.656848
1842	4	4	0.901	1	0:00:01.656627
1843	8	8	1.54	1	0:00:01.660694
1844	9	9	0.137	1	0:00:01.658835
1845	7	7	0.126	1	0:00:01.657219
1846	2	2	0.294	1	0:00:01.662374
1847	5	5	0.202	1	0:00:01.657085
1848	3	3	0.746	1	0:00:01.657647
1849	7	7	1.66	1	0:00:01.660715
1850	1	4	0.514	0	0:00:01.659493
1851	0	0	1.35	1	0:00:01.653748
1852	2	8	0.231	0	0:00:01.656552
1853	9	9	0.54	1	0:00:01.658081
1854	5	3	0.173	0	0:00:01.658244
1855	5	5	0.253	1	0:00:01.658439
1856	8	8	1.8	1	0:00:01.656965
1857	5	5	1.42	1	0:00:01.655876
1858	4	4	0.203	1	0:00:01.656350
1859	2	3	0.248	0	0:00:01.657743
1860	8	8	1.68	1	0:00:01.657537
1861	3	-1	0.0	0	0:00:01.659083
1862	5	-1	0.0	0	0:00:01.659714
1863	5	-1	0.0	0	0:00:01.660207
1864	7	7	1.91	1	0:00:01.656777
1865	7	7	0.549	1	0:00:01.664551
1866	8	8	1.64	1	0:00:01.659135
1867	6	-1	0.0	0	0:00:01.658831
1868	2	-1	0.0	0	0:00:01.660630
1869	8	8	1.1	1	0:00:01.660161
1870	2	2	1.31	1	0:00:01.654714
1871	3	-1	0.0	0	0:00:01.656530
1872	5	5	1.06	1	0:00:01.657624
1873	6	3	0.187	0	0:00:01.659620
1874	8	8	1.16	1	0:00:01.657185
1875	0	0	1.75	1	0:00:01.657354
1876	2	-1	0.0	0	0:00:01.659640
1877	3	3	0.16	1	0:00:01.656563
1878	7	7	1.16	1	0:00:01.659707
1879	0	0	0.695	1	0:00:01.663203
1880	1	1	0.866	1	0:00:01.663387
1881	9	9	1.91	1	0:00:01.656287
1882	1	1	0.229	1	0:00:01.655913
1883	3	6	0.103	0	0:00:01.659889
1884	7	-1	0.0	0	0:00:01.661524
1885	5	5	0.629	1	0:00:01.658317
1886	8	8	0.00841	1	0:00:01.660041
1887	3	5	0.159	0	0:00:01.660079
